{
 "cells": [
  {
   "cell_type": "markdown",
   "metadata": {},
   "source": [
    "### Step 1: Import necessary libraries"
   ]
  },
  {
   "cell_type": "code",
   "execution_count": 2,
   "metadata": {},
   "outputs": [],
   "source": [
    "import os\n",
    "import numpy as np\n",
    "import librosa\n",
    "import tensorflow as tf\n",
    "from sklearn.metrics.pairwise import cosine_similarity\n",
    "from sklearn.preprocessing import MultiLabelBinarizer\n",
    "import plotly.express as px\n",
    "import pandas as pd\n",
    "from plotly.subplots import make_subplots\n",
    "import plotly.graph_objects as go\n",
    "import json"
   ]
  },
  {
   "cell_type": "markdown",
   "metadata": {},
   "source": [
    "### Step 2: Download model and define paths"
   ]
  },
  {
   "cell_type": "markdown",
   "metadata": {},
   "source": [
    "Download the model and move to 'model' directory. (skip this step if model is already downloaded)"
   ]
  },
  {
   "cell_type": "code",
   "execution_count": 72,
   "metadata": {},
   "outputs": [
    {
     "name": "stdout",
     "output_type": "stream",
     "text": [
      "/home/rohitsangubotla/Documents/Projects/Music_Similarity/model\n",
      "  % Total    % Received % Xferd  Average Speed   Time    Time     Time  Current\n",
      "                                 Dload  Upload   Total   Spent    Left  Speed\n",
      "  0     0    0     0    0     0      0      0 --:--:-- --:--:-- --:--:--     0"
     ]
    },
    {
     "name": "stderr",
     "output_type": "stream",
     "text": [
      "/home/rohitsangubotla/Documents/Projects/Music_Similarity/.venv/lib/python3.10/site-packages/IPython/core/magics/osm.py:417: UserWarning:\n",
      "\n",
      "This is now an optional IPython functionality, setting dhist requires you to install the `pickleshare` library.\n",
      "\n"
     ]
    },
    {
     "name": "stdout",
     "output_type": "stream",
     "text": [
      "100  3101  100  3101    0     0   2743      0  0:00:01  0:00:01 --:--:--  2744\n",
      "  % Total    % Received % Xferd  Average Speed   Time    Time     Time  Current\n",
      "                                 Dload  Upload   Total   Spent    Left  Speed\n",
      "100 3166k  100 3166k    0     0   137k      0  0:00:22  0:00:22 --:--:--  168k\n"
     ]
    }
   ],
   "source": [
    "!curl -SLO https://essentia.upf.edu/models/classifiers/genre_tzanetakis/genre_tzanetakis-musicnn-msd-1.json\n",
    "!curl -SLO https://essentia.upf.edu/models/classifiers/genre_tzanetakis/genre_tzanetakis-musicnn-msd-1.pb"
   ]
  },
  {
   "cell_type": "code",
   "execution_count": 3,
   "metadata": {},
   "outputs": [],
   "source": [
    "MUSICNN_SR = 16000\n",
    "MODEL_PATH = 'model/genre_tzanetakis-musicnn-msd-1.pb'\n",
    "DATASET_DIR = 'dataset/bass'"
   ]
  },
  {
   "cell_type": "code",
   "execution_count": 4,
   "metadata": {},
   "outputs": [
    {
     "name": "stdout",
     "output_type": "stream",
     "text": [
      "name: genre GTZAN\n",
      "type: multi-class classifier\n",
      "link: https://essentia.upf.edu/models/classifiers/genre_tzanetakis/genre_tzanetakis-musicnn-msd-1.pb\n",
      "version: 1\n",
      "description: classification of music by genre\n",
      "author: Pablo Alonso\n",
      "email: pablo.alonso@upf.edu\n",
      "release_date: 2020-03-31\n",
      "framework: tensorflow\n",
      "framework_version: 1.15.0\n",
      "classes: ['blu', 'cla', 'cou', 'dis', 'hip', 'jaz', 'met', 'pop', 'reg', 'roc']\n",
      "model_types: ['frozen_model']\n",
      "dataset: {'name': 'the GTZAN Genre Collection', 'citation': '@article{tzanetakis2002musical,\\n  title={Musical genre classification of audio signals},\\n  author={Tzanetakis, George and Cook, Perry},\\n  journal={IEEE Transactions on speech and audio processing},\\n  volume={10},\\n  number={5},\\n  pages={293--302},\\n  year={2002},\\n  publisher={IEEE}\\n}', 'size': '1000 track excerpts, 100 per genre', 'metrics': {'5-fold_cross_validation_normalized_accuracy': 0.83}}\n",
      "schema: {'inputs': [{'name': 'model/Placeholder', 'type': 'float', 'shape': [187, 96]}], 'outputs': [{'name': 'model/Sigmoid', 'type': 'float', 'shape': [1, 10], 'op': 'Sigmoid', 'output_purpose': 'predictions'}, {'name': 'model/dense_2/BiasAdd', 'type': 'float', 'shape': [1, 10], 'op': 'fully connected', 'description': 'logits', 'output_purpose': ''}, {'name': 'model/dense_1/BiasAdd', 'type': 'float', 'shape': [1, 100], 'op': 'fully connected', 'description': 'penultimate layer', 'output_purpose': ''}, {'name': 'model/dense/BiasAdd', 'type': 'float', 'shape': [1, 200], 'op': 'fully connected', 'output_purpose': 'embeddings'}]}\n",
      "citation: @inproceedings{alonso2020tensorflow,\n",
      "  title={Tensorflow Audio Models in Essentia},\n",
      "  author={Alonso-Jim{\\'e}nez, Pablo and Bogdanov, Dmitry and Pons, Jordi and Serra, Xavier},\n",
      "  booktitle={IEEE International Conference on Acoustics, Speech and Signal Processing (ICASSP)},\n",
      "  year={2020}\n",
      "}\n",
      "inference: {'sample_rate': 16000, 'algorithm': 'TensorflowPredictMusiCNN'}\n"
     ]
    }
   ],
   "source": [
    "MODEL_NAME = 'model/genre_tzanetakis-musicnn-msd-1'\n",
    "MODEL_JSON = f'{MODEL_NAME}.json'\n",
    "MODEL_PB = f'{MODEL_NAME}.pb'\n",
    "\n",
    "musicnn_metadata = json.load(open(MODEL_JSON, 'r'))\n",
    "for k, v in musicnn_metadata.items():\n",
    "    print('{}: {}'.format(k , v))"
   ]
  },
  {
   "cell_type": "markdown",
   "metadata": {},
   "source": [
    "We can observe the output of the penultimate dense layer is proposed as embeddings. \n",
    "We will use it to extract songs embeddings from our dataset."
   ]
  },
  {
   "cell_type": "markdown",
   "metadata": {},
   "source": [
    "### Step 3: Define genres for each song"
   ]
  },
  {
   "cell_type": "code",
   "execution_count": 5,
   "metadata": {},
   "outputs": [],
   "source": [
    "genres = [\n",
    "    ['Romantic', 'Melody'], # Allantha Doorala 0\n",
    "    ['Romantic', 'Melody'], # Pranavalaya 1\n",
    "    ['Romantic', 'Sad'], # Adiga Adiga 2\n",
    "    ['Romantic', 'Upbeat'], # Guruvaram 3\n",
    "    ['Romantic', 'Folk'],   # Ghal Ghal 4\n",
    "    ['Romantic', 'Melody'], # Ninnila 5\n",
    "    ['Mass', 'Inspirational'], # Hukum 6\n",
    "    ['Melody'], # Chinnari Thalli 7\n",
    "    ['Romantic', 'Melody'], # O Cheliya 8\n",
    "    ['Folk', 'Dance'],      # Naatu Naatu 9 \n",
    "    ['Folk', 'Dance'],      # Kurchi Madathapetti 10\n",
    "    ['Romantic', 'Upbeat'], # Urike Urike 11\n",
    "    ['Inspirational', 'Mass'], # Saahore Baahubali 12\n",
    "    ['Romantic', 'Melody'], # Nenani Neevani 13\n",
    "    ['Romantic', 'Melody'], # Manasavacha 14\n",
    "    ['Romantic', 'Melody'],       # Ammaadi 15\n",
    "    ['Romantic', 'Melody'], # Dheera Dheera 16\n",
    "    ['Melody'], # Pedave Palikina 17 \n",
    "    ['Romantic', 'Sad'],   # Oosupodu 18\n",
    "    ['Romantic', 'Melody'] # Sirivennela 19\n",
    "]"
   ]
  },
  {
   "cell_type": "markdown",
   "metadata": {},
   "source": [
    "### Step 4: Encode genres"
   ]
  },
  {
   "cell_type": "code",
   "execution_count": 6,
   "metadata": {},
   "outputs": [],
   "source": [
    "mlb = MultiLabelBinarizer()\n",
    "genre_labels = mlb.fit_transform(genres)"
   ]
  },
  {
   "cell_type": "markdown",
   "metadata": {},
   "source": [
    "### Step 5: Functions for loading and processing audio"
   ]
  },
  {
   "cell_type": "code",
   "execution_count": 7,
   "metadata": {},
   "outputs": [],
   "source": [
    "def load_model(pb_file_path):\n",
    "    with tf.io.gfile.GFile(pb_file_path, \"rb\") as f:\n",
    "        graph_def = tf.compat.v1.GraphDef()\n",
    "        graph_def.ParseFromString(f.read())\n",
    "    with tf.compat.v1.Graph().as_default() as graph:\n",
    "        tf.import_graph_def(graph_def, name=\"\")\n",
    "    return graph\n",
    "\n",
    "def preprocess_audio(file_path, sample_rate=MUSICNN_SR):\n",
    "    y, sr = librosa.load(file_path, sr=sample_rate)\n",
    "    mel_spec = librosa.feature.melspectrogram(y=y, sr=sr, n_mels=96, n_fft=2048, hop_length=512)\n",
    "    log_mel_spec = librosa.power_to_db(mel_spec, ref=np.max)\n",
    "    if log_mel_spec.shape[1] > 187:\n",
    "        log_mel_spec = log_mel_spec[:, :187]\n",
    "    else:\n",
    "        pad_width = 187 - log_mel_spec.shape[1]\n",
    "        log_mel_spec = np.pad(log_mel_spec, ((0, 0), (0, pad_width)), mode='constant')\n",
    "    return log_mel_spec.T[np.newaxis, :, :]\n",
    "\n",
    "def run_model(graph, input_data):\n",
    "    input_tensor = graph.get_tensor_by_name('model/Placeholder:0')\n",
    "    output_tensor = graph.get_tensor_by_name('model/dense/BiasAdd:0')\n",
    "    with tf.compat.v1.Session(graph=graph) as sess:\n",
    "        embeddings = sess.run(output_tensor, feed_dict={input_tensor: input_data})\n",
    "    return embeddings\n",
    "\n",
    "def extract_mean_embedding(filename):\n",
    "    audio_data = preprocess_audio(filename)\n",
    "    graph = load_model(MODEL_PATH)\n",
    "    embeddings = run_model(graph, audio_data)\n",
    "    return embeddings\n",
    "\n",
    "def process_dataset(dataset_dir):\n",
    "    embeddings = []\n",
    "    for root, dirs, files in os.walk(dataset_dir):\n",
    "        for file in files:\n",
    "            if file.endswith('.wav'):\n",
    "                file_path = os.path.join(root, file)\n",
    "                mean_embedding = extract_mean_embedding(file_path)\n",
    "                embeddings.append((file_path, mean_embedding))\n",
    "    return embeddings"
   ]
  },
  {
   "cell_type": "markdown",
   "metadata": {},
   "source": [
    "### Step 6: Process dataset and extract embeddings"
   ]
  },
  {
   "cell_type": "code",
   "execution_count": 8,
   "metadata": {},
   "outputs": [
    {
     "name": "stderr",
     "output_type": "stream",
     "text": [
      "2024-05-25 04:22:29.958204: I external/local_xla/xla/stream_executor/cuda/cuda_executor.cc:998] successful NUMA node read from SysFS had negative value (-1), but there must be at least one NUMA node, so returning NUMA node zero. See more at https://github.com/torvalds/linux/blob/v6.0/Documentation/ABI/testing/sysfs-bus-pci#L344-L355\n",
      "2024-05-25 04:22:30.011364: W tensorflow/core/common_runtime/gpu/gpu_device.cc:2251] Cannot dlopen some GPU libraries. Please make sure the missing libraries mentioned above are installed properly if you would like to use GPU. Follow the guide at https://www.tensorflow.org/install/gpu for how to download and setup the required libraries for your platform.\n",
      "Skipping registering GPU devices...\n",
      "2024-05-25 04:22:30.017444: I tensorflow/compiler/mlir/mlir_graph_optimization_pass.cc:388] MLIR V1 optimization pass is not enabled\n"
     ]
    },
    {
     "name": "stdout",
     "output_type": "stream",
     "text": [
      "File path: dataset/bass/O Cheliya_bass.wav\n",
      "File path: dataset/bass/Adiga Adiga_bass.wav\n",
      "File path: dataset/bass/Pedave Palikina_bass.wav\n",
      "File path: dataset/bass/Sirivennela_bass.wav\n",
      "File path: dataset/bass/Ninnila_bass.wav\n",
      "File path: dataset/bass/Ammaadi_bass.wav\n",
      "File path: dataset/bass/Chinnari Thalli_bass.wav\n",
      "File path: dataset/bass/Dheera Dheera Dheera_bass.wav\n",
      "File path: dataset/bass/Kurchi Madathapetti_bass.wav\n",
      "File path: dataset/bass/Oosupodu_bass.wav\n",
      "File path: dataset/bass/Pranavalaya_bass.wav\n",
      "File path: dataset/bass/Saahore Baahubali_bass.wav\n",
      "File path: dataset/bass/Allantha Doorala_bass.wav\n",
      "File path: dataset/bass/Manasavacha_bass.wav\n",
      "File path: dataset/bass/Urike Urike_bass.wav\n",
      "File path: dataset/bass/Ghal Ghal Ghal Ghal_bass.wav\n",
      "File path: dataset/bass/Hukum_bass.wav\n",
      "File path: dataset/bass/Nattu Nattu_bass.wav\n",
      "File path: dataset/bass/Guruvaram_bass.wav\n",
      "File path: dataset/bass/Nenani Neevani_bass.wav\n"
     ]
    }
   ],
   "source": [
    "file_embeddings = process_dataset(DATASET_DIR)\n",
    "embeddings = []\n",
    "for file_path, embedding in file_embeddings:\n",
    "    print(f'File path: {file_path}')\n",
    "    embeddings.append(embedding)\n",
    "\n",
    "embeddings = np.array(embeddings)\n",
    "embeddings_matrix = np.vstack([emb for emb in embeddings])  # to convert list of tuples to a numpy matrix\n",
    "similarities = cosine_similarity(embeddings_matrix)"
   ]
  },
  {
   "cell_type": "code",
   "execution_count": 9,
   "metadata": {},
   "outputs": [
    {
     "name": "stdout",
     "output_type": "stream",
     "text": [
      "(20, 20)\n",
      "Min value: 0.5820402503013611\n",
      "Max value: 1.000000238418579\n"
     ]
    },
    {
     "data": {
      "application/vnd.plotly.v1+json": {
       "config": {
        "plotlyServerURL": "https://plot.ly"
       },
       "data": [
        {
         "coloraxis": "coloraxis",
         "hovertemplate": "x: %{x}<br>y: %{y}<br>color: %{z}<extra></extra>",
         "name": "0",
         "type": "heatmap",
         "xaxis": "x",
         "yaxis": "y",
         "z": [
          [
           0.9999999403953552,
           0.5908765196800232,
           0.9996576309204102,
           0.8283491730690002,
           0.9998292326927185,
           0.6460615992546082,
           0.9959102272987366,
           0.9967217445373535,
           0.9997868537902832,
           0.996691107749939,
           0.9999294877052307,
           0.9961423873901367,
           0.9997826814651489,
           0.9944664239883423,
           0.9988875389099121,
           0.9449520707130432,
           0.6742281317710876,
           0.9995879530906677,
           0.9995679259300232,
           0.9998340010643005
          ],
          [
           0.5908765196800232,
           0.9999999403953552,
           0.5835574865341187,
           0.9143955111503601,
           0.5849719643592834,
           0.9943442940711975,
           0.5866148471832275,
           0.5934435129165649,
           0.5945829749107361,
           0.601003885269165,
           0.589490532875061,
           0.5820402503013611,
           0.5856534242630005,
           0.5974143743515015,
           0.6037197113037109,
           0.7771852016448975,
           0.9879180788993835,
           0.5956759452819824,
           0.5834344625473022,
           0.5880463719367981
          ],
          [
           0.9996576309204102,
           0.5835574865341187,
           1.000000238418579,
           0.8215547204017639,
           0.9999303221702576,
           0.639365017414093,
           0.9963158965110779,
           0.9966957569122314,
           0.9993343353271484,
           0.996314525604248,
           0.9996421933174133,
           0.9962201714515686,
           0.9998250007629395,
           0.9943443536758423,
           0.9983509182929993,
           0.9414495825767517,
           0.6683664321899414,
           0.9992818832397461,
           0.9999682307243347,
           0.9997909069061279
          ],
          [
           0.8283491730690002,
           0.9143955111503601,
           0.8215547204017639,
           0.9999997615814209,
           0.8229212164878845,
           0.943942129611969,
           0.8257393836975098,
           0.8315375447273254,
           0.8330371975898743,
           0.838667094707489,
           0.8274381160736084,
           0.8222792744636536,
           0.8235202431678772,
           0.8375518918037415,
           0.8419188857078552,
           0.9496446251869202,
           0.9444000124931335,
           0.8333683013916016,
           0.820973813533783,
           0.8272247314453125
          ],
          [
           0.9998292326927185,
           0.5849719643592834,
           0.9999303221702576,
           0.8229212164878845,
           1.0000001192092896,
           0.6404317617416382,
           0.9959525465965271,
           0.9965226054191589,
           0.9994982481002808,
           0.9963130950927734,
           0.9997616410255432,
           0.995963990688324,
           0.9998558759689331,
           0.9941437244415283,
           0.9984018206596375,
           0.9418375492095947,
           0.6690677404403687,
           0.9994485974311829,
           0.9998655319213867,
           0.9998490810394287
          ],
          [
           0.6460615992546082,
           0.9943442940711975,
           0.639365017414093,
           0.943942129611969,
           0.6404317617416382,
           1.0000001192092896,
           0.6438416838645935,
           0.6499843597412109,
           0.650222659111023,
           0.6573454737663269,
           0.6448079943656921,
           0.6389598250389099,
           0.6411665678024292,
           0.6551274061203003,
           0.6600701212882996,
           0.8260372281074524,
           0.9951273202896118,
           0.6512397527694702,
           0.6392324566841125,
           0.6439177989959717
          ],
          [
           0.9959102272987366,
           0.5866148471832275,
           0.9963158965110779,
           0.8257393836975098,
           0.9959525465965271,
           0.6438416838645935,
           0.9999998211860657,
           0.999565064907074,
           0.9967977404594421,
           0.9989602565765381,
           0.9963105916976929,
           0.9991883039474487,
           0.9970076680183411,
           0.9987194538116455,
           0.9973058700561523,
           0.949474573135376,
           0.6766124367713928,
           0.9969770908355713,
           0.9964370727539062,
           0.9966298937797546
          ],
          [
           0.9967217445373535,
           0.5934435129165649,
           0.9966957569122314,
           0.8315375447273254,
           0.9965226054191589,
           0.6499843597412109,
           0.999565064907074,
           0.9999995231628418,
           0.997548520565033,
           0.9997122883796692,
           0.9970569610595703,
           0.9987766742706299,
           0.9974637627601624,
           0.9991675019264221,
           0.9981274008750916,
           0.9514926075935364,
           0.6812546849250793,
           0.9977588057518005,
           0.9966764450073242,
           0.997313916683197
          ],
          [
           0.9997868537902832,
           0.5945829749107361,
           0.9993343353271484,
           0.8330371975898743,
           0.9994982481002808,
           0.650222659111023,
           0.9967977404594421,
           0.997548520565033,
           0.9999996423721313,
           0.9976833462715149,
           0.9997521638870239,
           0.9968827962875366,
           0.9995822906494141,
           0.9958218932151794,
           0.9994329810142517,
           0.948544442653656,
           0.6783731579780579,
           0.99974125623703,
           0.999260663986206,
           0.9997389316558838
          ],
          [
           0.996691107749939,
           0.601003885269165,
           0.996314525604248,
           0.838667094707489,
           0.9963130950927734,
           0.6573454737663269,
           0.9989602565765381,
           0.9997122883796692,
           0.9976833462715149,
           1,
           0.9968327283859253,
           0.9978344440460205,
           0.9970856308937073,
           0.999484121799469,
           0.9985331892967224,
           0.9544796347618103,
           0.6870708465576172,
           0.9980290532112122,
           0.9962035417556763,
           0.9972612857818604
          ],
          [
           0.9999294877052307,
           0.589490532875061,
           0.9996421933174133,
           0.8274381160736084,
           0.9997616410255432,
           0.6448079943656921,
           0.9963105916976929,
           0.9970569610595703,
           0.9997521638870239,
           0.9968327283859253,
           0.9999998211860657,
           0.9966817498207092,
           0.9998480677604675,
           0.9946137070655823,
           0.9988939166069031,
           0.9451736211776733,
           0.6735170483589172,
           0.9994425773620605,
           0.9995790123939514,
           0.99977046251297
          ],
          [
           0.9961423873901367,
           0.5820402503013611,
           0.9962201714515686,
           0.8222792744636536,
           0.995963990688324,
           0.6389598250389099,
           0.9991883039474487,
           0.9987766742706299,
           0.9968827962875366,
           0.9978344440460205,
           0.9966817498207092,
           0.9999998211860657,
           0.9971538782119751,
           0.9971230626106262,
           0.9966993927955627,
           0.9474555850028992,
           0.672418475151062,
           0.9964778423309326,
           0.9964051246643066,
           0.996521532535553
          ],
          [
           0.9997826814651489,
           0.5856534242630005,
           0.9998250007629395,
           0.8235202431678772,
           0.9998558759689331,
           0.6411665678024292,
           0.9970076680183411,
           0.9974637627601624,
           0.9995822906494141,
           0.9970856308937073,
           0.9998480677604675,
           0.9971538782119751,
           0.9999997019767761,
           0.9950153827667236,
           0.9986181855201721,
           0.9436535239219666,
           0.6707152128219604,
           0.9994770288467407,
           0.9998037815093994,
           0.9997859001159668
          ],
          [
           0.9944664239883423,
           0.5974143743515015,
           0.9943443536758423,
           0.8375518918037415,
           0.9941437244415283,
           0.6551274061203003,
           0.9987194538116455,
           0.9991675019264221,
           0.9958218932151794,
           0.999484121799469,
           0.9946137070655823,
           0.9971230626106262,
           0.9950153827667236,
           1.0000001192092896,
           0.9972870945930481,
           0.9541416764259338,
           0.6852580308914185,
           0.9962871074676514,
           0.9942367076873779,
           0.9954595565795898
          ],
          [
           0.9988875389099121,
           0.6037197113037109,
           0.9983509182929993,
           0.8419188857078552,
           0.9984018206596375,
           0.6600701212882996,
           0.9973058700561523,
           0.9981274008750916,
           0.9994329810142517,
           0.9985331892967224,
           0.9988939166069031,
           0.9966993927955627,
           0.9986181855201721,
           0.9972870945930481,
           0.9999997019767761,
           0.9543233513832092,
           0.6874144077301025,
           0.9992996454238892,
           0.9981924891471863,
           0.9990614652633667
          ],
          [
           0.9449520707130432,
           0.7771852016448975,
           0.9414495825767517,
           0.9496446251869202,
           0.9418375492095947,
           0.8260372281074524,
           0.949474573135376,
           0.9514926075935364,
           0.948544442653656,
           0.9544796347618103,
           0.9451736211776733,
           0.9474555850028992,
           0.9436535239219666,
           0.9541416764259338,
           0.9543233513832092,
           1,
           0.8464756608009338,
           0.9482722878456116,
           0.9413386583328247,
           0.9446510076522827
          ],
          [
           0.6742281317710876,
           0.9879180788993835,
           0.6683664321899414,
           0.9444000124931335,
           0.6690677404403687,
           0.9951273202896118,
           0.6766124367713928,
           0.6812546849250793,
           0.6783731579780579,
           0.6870708465576172,
           0.6735170483589172,
           0.672418475151062,
           0.6707152128219604,
           0.6852580308914185,
           0.6874144077301025,
           0.8464756608009338,
           0.9999998807907104,
           0.6792747378349304,
           0.6686265468597412,
           0.6722471117973328
          ],
          [
           0.9995879530906677,
           0.5956759452819824,
           0.9992818832397461,
           0.8333683013916016,
           0.9994485974311829,
           0.6512397527694702,
           0.9969770908355713,
           0.9977588057518005,
           0.99974125623703,
           0.9980290532112122,
           0.9994425773620605,
           0.9964778423309326,
           0.9994770288467407,
           0.9962871074676514,
           0.9992996454238892,
           0.9482722878456116,
           0.6792747378349304,
           1.000000238418579,
           0.9991750717163086,
           0.9997032284736633
          ],
          [
           0.9995679259300232,
           0.5834344625473022,
           0.9999682307243347,
           0.820973813533783,
           0.9998655319213867,
           0.6392324566841125,
           0.9964370727539062,
           0.9966764450073242,
           0.999260663986206,
           0.9962035417556763,
           0.9995790123939514,
           0.9964051246643066,
           0.9998037815093994,
           0.9942367076873779,
           0.9981924891471863,
           0.9413386583328247,
           0.6686265468597412,
           0.9991750717163086,
           1,
           0.9996730089187622
          ],
          [
           0.9998340010643005,
           0.5880463719367981,
           0.9997909069061279,
           0.8272247314453125,
           0.9998490810394287,
           0.6439177989959717,
           0.9966298937797546,
           0.997313916683197,
           0.9997389316558838,
           0.9972612857818604,
           0.99977046251297,
           0.996521532535553,
           0.9997859001159668,
           0.9954595565795898,
           0.9990614652633667,
           0.9446510076522827,
           0.6722471117973328,
           0.9997032284736633,
           0.9996730089187622,
           1.0000001192092896
          ]
         ]
        }
       ],
       "layout": {
        "coloraxis": {
         "colorscale": [
          [
           0,
           "rgb(165,0,38)"
          ],
          [
           0.1,
           "rgb(215,48,39)"
          ],
          [
           0.2,
           "rgb(244,109,67)"
          ],
          [
           0.3,
           "rgb(253,174,97)"
          ],
          [
           0.4,
           "rgb(254,224,139)"
          ],
          [
           0.5,
           "rgb(255,255,191)"
          ],
          [
           0.6,
           "rgb(217,239,139)"
          ],
          [
           0.7,
           "rgb(166,217,106)"
          ],
          [
           0.8,
           "rgb(102,189,99)"
          ],
          [
           0.9,
           "rgb(26,152,80)"
          ],
          [
           1,
           "rgb(0,104,55)"
          ]
         ]
        },
        "margin": {
         "t": 60
        },
        "template": {
         "data": {
          "bar": [
           {
            "error_x": {
             "color": "#2a3f5f"
            },
            "error_y": {
             "color": "#2a3f5f"
            },
            "marker": {
             "line": {
              "color": "#E5ECF6",
              "width": 0.5
             },
             "pattern": {
              "fillmode": "overlay",
              "size": 10,
              "solidity": 0.2
             }
            },
            "type": "bar"
           }
          ],
          "barpolar": [
           {
            "marker": {
             "line": {
              "color": "#E5ECF6",
              "width": 0.5
             },
             "pattern": {
              "fillmode": "overlay",
              "size": 10,
              "solidity": 0.2
             }
            },
            "type": "barpolar"
           }
          ],
          "carpet": [
           {
            "aaxis": {
             "endlinecolor": "#2a3f5f",
             "gridcolor": "white",
             "linecolor": "white",
             "minorgridcolor": "white",
             "startlinecolor": "#2a3f5f"
            },
            "baxis": {
             "endlinecolor": "#2a3f5f",
             "gridcolor": "white",
             "linecolor": "white",
             "minorgridcolor": "white",
             "startlinecolor": "#2a3f5f"
            },
            "type": "carpet"
           }
          ],
          "choropleth": [
           {
            "colorbar": {
             "outlinewidth": 0,
             "ticks": ""
            },
            "type": "choropleth"
           }
          ],
          "contour": [
           {
            "colorbar": {
             "outlinewidth": 0,
             "ticks": ""
            },
            "colorscale": [
             [
              0,
              "#0d0887"
             ],
             [
              0.1111111111111111,
              "#46039f"
             ],
             [
              0.2222222222222222,
              "#7201a8"
             ],
             [
              0.3333333333333333,
              "#9c179e"
             ],
             [
              0.4444444444444444,
              "#bd3786"
             ],
             [
              0.5555555555555556,
              "#d8576b"
             ],
             [
              0.6666666666666666,
              "#ed7953"
             ],
             [
              0.7777777777777778,
              "#fb9f3a"
             ],
             [
              0.8888888888888888,
              "#fdca26"
             ],
             [
              1,
              "#f0f921"
             ]
            ],
            "type": "contour"
           }
          ],
          "contourcarpet": [
           {
            "colorbar": {
             "outlinewidth": 0,
             "ticks": ""
            },
            "type": "contourcarpet"
           }
          ],
          "heatmap": [
           {
            "colorbar": {
             "outlinewidth": 0,
             "ticks": ""
            },
            "colorscale": [
             [
              0,
              "#0d0887"
             ],
             [
              0.1111111111111111,
              "#46039f"
             ],
             [
              0.2222222222222222,
              "#7201a8"
             ],
             [
              0.3333333333333333,
              "#9c179e"
             ],
             [
              0.4444444444444444,
              "#bd3786"
             ],
             [
              0.5555555555555556,
              "#d8576b"
             ],
             [
              0.6666666666666666,
              "#ed7953"
             ],
             [
              0.7777777777777778,
              "#fb9f3a"
             ],
             [
              0.8888888888888888,
              "#fdca26"
             ],
             [
              1,
              "#f0f921"
             ]
            ],
            "type": "heatmap"
           }
          ],
          "heatmapgl": [
           {
            "colorbar": {
             "outlinewidth": 0,
             "ticks": ""
            },
            "colorscale": [
             [
              0,
              "#0d0887"
             ],
             [
              0.1111111111111111,
              "#46039f"
             ],
             [
              0.2222222222222222,
              "#7201a8"
             ],
             [
              0.3333333333333333,
              "#9c179e"
             ],
             [
              0.4444444444444444,
              "#bd3786"
             ],
             [
              0.5555555555555556,
              "#d8576b"
             ],
             [
              0.6666666666666666,
              "#ed7953"
             ],
             [
              0.7777777777777778,
              "#fb9f3a"
             ],
             [
              0.8888888888888888,
              "#fdca26"
             ],
             [
              1,
              "#f0f921"
             ]
            ],
            "type": "heatmapgl"
           }
          ],
          "histogram": [
           {
            "marker": {
             "pattern": {
              "fillmode": "overlay",
              "size": 10,
              "solidity": 0.2
             }
            },
            "type": "histogram"
           }
          ],
          "histogram2d": [
           {
            "colorbar": {
             "outlinewidth": 0,
             "ticks": ""
            },
            "colorscale": [
             [
              0,
              "#0d0887"
             ],
             [
              0.1111111111111111,
              "#46039f"
             ],
             [
              0.2222222222222222,
              "#7201a8"
             ],
             [
              0.3333333333333333,
              "#9c179e"
             ],
             [
              0.4444444444444444,
              "#bd3786"
             ],
             [
              0.5555555555555556,
              "#d8576b"
             ],
             [
              0.6666666666666666,
              "#ed7953"
             ],
             [
              0.7777777777777778,
              "#fb9f3a"
             ],
             [
              0.8888888888888888,
              "#fdca26"
             ],
             [
              1,
              "#f0f921"
             ]
            ],
            "type": "histogram2d"
           }
          ],
          "histogram2dcontour": [
           {
            "colorbar": {
             "outlinewidth": 0,
             "ticks": ""
            },
            "colorscale": [
             [
              0,
              "#0d0887"
             ],
             [
              0.1111111111111111,
              "#46039f"
             ],
             [
              0.2222222222222222,
              "#7201a8"
             ],
             [
              0.3333333333333333,
              "#9c179e"
             ],
             [
              0.4444444444444444,
              "#bd3786"
             ],
             [
              0.5555555555555556,
              "#d8576b"
             ],
             [
              0.6666666666666666,
              "#ed7953"
             ],
             [
              0.7777777777777778,
              "#fb9f3a"
             ],
             [
              0.8888888888888888,
              "#fdca26"
             ],
             [
              1,
              "#f0f921"
             ]
            ],
            "type": "histogram2dcontour"
           }
          ],
          "mesh3d": [
           {
            "colorbar": {
             "outlinewidth": 0,
             "ticks": ""
            },
            "type": "mesh3d"
           }
          ],
          "parcoords": [
           {
            "line": {
             "colorbar": {
              "outlinewidth": 0,
              "ticks": ""
             }
            },
            "type": "parcoords"
           }
          ],
          "pie": [
           {
            "automargin": true,
            "type": "pie"
           }
          ],
          "scatter": [
           {
            "fillpattern": {
             "fillmode": "overlay",
             "size": 10,
             "solidity": 0.2
            },
            "type": "scatter"
           }
          ],
          "scatter3d": [
           {
            "line": {
             "colorbar": {
              "outlinewidth": 0,
              "ticks": ""
             }
            },
            "marker": {
             "colorbar": {
              "outlinewidth": 0,
              "ticks": ""
             }
            },
            "type": "scatter3d"
           }
          ],
          "scattercarpet": [
           {
            "marker": {
             "colorbar": {
              "outlinewidth": 0,
              "ticks": ""
             }
            },
            "type": "scattercarpet"
           }
          ],
          "scattergeo": [
           {
            "marker": {
             "colorbar": {
              "outlinewidth": 0,
              "ticks": ""
             }
            },
            "type": "scattergeo"
           }
          ],
          "scattergl": [
           {
            "marker": {
             "colorbar": {
              "outlinewidth": 0,
              "ticks": ""
             }
            },
            "type": "scattergl"
           }
          ],
          "scattermapbox": [
           {
            "marker": {
             "colorbar": {
              "outlinewidth": 0,
              "ticks": ""
             }
            },
            "type": "scattermapbox"
           }
          ],
          "scatterpolar": [
           {
            "marker": {
             "colorbar": {
              "outlinewidth": 0,
              "ticks": ""
             }
            },
            "type": "scatterpolar"
           }
          ],
          "scatterpolargl": [
           {
            "marker": {
             "colorbar": {
              "outlinewidth": 0,
              "ticks": ""
             }
            },
            "type": "scatterpolargl"
           }
          ],
          "scatterternary": [
           {
            "marker": {
             "colorbar": {
              "outlinewidth": 0,
              "ticks": ""
             }
            },
            "type": "scatterternary"
           }
          ],
          "surface": [
           {
            "colorbar": {
             "outlinewidth": 0,
             "ticks": ""
            },
            "colorscale": [
             [
              0,
              "#0d0887"
             ],
             [
              0.1111111111111111,
              "#46039f"
             ],
             [
              0.2222222222222222,
              "#7201a8"
             ],
             [
              0.3333333333333333,
              "#9c179e"
             ],
             [
              0.4444444444444444,
              "#bd3786"
             ],
             [
              0.5555555555555556,
              "#d8576b"
             ],
             [
              0.6666666666666666,
              "#ed7953"
             ],
             [
              0.7777777777777778,
              "#fb9f3a"
             ],
             [
              0.8888888888888888,
              "#fdca26"
             ],
             [
              1,
              "#f0f921"
             ]
            ],
            "type": "surface"
           }
          ],
          "table": [
           {
            "cells": {
             "fill": {
              "color": "#EBF0F8"
             },
             "line": {
              "color": "white"
             }
            },
            "header": {
             "fill": {
              "color": "#C8D4E3"
             },
             "line": {
              "color": "white"
             }
            },
            "type": "table"
           }
          ]
         },
         "layout": {
          "annotationdefaults": {
           "arrowcolor": "#2a3f5f",
           "arrowhead": 0,
           "arrowwidth": 1
          },
          "autotypenumbers": "strict",
          "coloraxis": {
           "colorbar": {
            "outlinewidth": 0,
            "ticks": ""
           }
          },
          "colorscale": {
           "diverging": [
            [
             0,
             "#8e0152"
            ],
            [
             0.1,
             "#c51b7d"
            ],
            [
             0.2,
             "#de77ae"
            ],
            [
             0.3,
             "#f1b6da"
            ],
            [
             0.4,
             "#fde0ef"
            ],
            [
             0.5,
             "#f7f7f7"
            ],
            [
             0.6,
             "#e6f5d0"
            ],
            [
             0.7,
             "#b8e186"
            ],
            [
             0.8,
             "#7fbc41"
            ],
            [
