0,1,2,3,4,5,6,7,8,9,10,11,12,13,14,15,16,17,18,19,20,21,22,23,24,25,26,27,28,29,30,31,32,33,34,35,36,37,38,39,40,41,42,43,44,45,46,47,48,49,50,51,52,53,54,55,56,57,58,59,60,61,62,63,64,65,66,67,68,69,70,71,72,73,74,75,76,77,78,79
1.0,0.9423,0.95376,0.98449,0.99628,0.90154,0.99762,0.99879,0.92757,0.99647,0.99782,0.98536,0.99794,0.95261,0.97731,0.99659,0.96431,0.998,0.99507,0.93213,0.99296,0.98144,0.9983,0.99889,0.99932,0.99822,0.96753,0.99786,0.99785,0.93587,0.99995,0.93573,0.99815,0.966,0.99782,0.99787,0.99832,0.9679,0.97282,0.99214,0.99844,0.91217,0.954,0.99565,0.93281,0.92821,0.95041,0.95927,0.96778,0.99867,0.95206,0.96394,0.99553,0.98782,0.90903,0.99914,0.99794,0.91082,0.99953,0.99874,0.96391,0.99642,0.97181,0.88738,0.99859,0.93792,0.99701,0.93559,0.93317,0.99338,0.98999,0.9972,0.99831,0.89398,0.96921,0.98545,0.99873,0.94471,0.99828,0.99696
0.9423,1.0,0.95559,0.94438,0.94079,0.97746,0.94914,0.95235,0.97255,0.96245,0.93919,0.91134,0.94256,0.98135,0.96063,0.95645,0.977,0.94208,0.94233,0.94245,0.95358,0.95446,0.94393,0.93843,0.9449,0.94253,0.96215,0.93828,0.94252,0.95634,0.94137,0.98545,0.94872,0.97563,0.93689,0.95297,0.94914,0.95316,0.95223,0.93817,0.94871,0.92835,0.979,0.94295,0.94424,0.95179,0.95747,0.97256,0.95535,0.94875,0.9665,0.97648,0.95725,0.96405,0.95307,0.94088,0.94372,0.94092,0.94698,0.94443,0.97094,0.93057,0.96321,0.94125,0.9509,0.98333,0.95354,0.93627,0.95232,0.94639,0.9646,0.94189,0.94776,0.9345,0.98566,0.94943,0.94453,0.97377,0.94912,0.95407
0.95376,0.95559,1.0,0.98436,0.95185,0.92182,0.94511,0.95557,0.97269,0.95864,0.94825,0.95113,0.94206,0.95911,0.97612,0.95737,0.9851,0.94172,0.96317,0.96507,0.97081,0.97875,0.94434,0.94391,0.95045,0.94245,0.98558,0.94548,0.94166,0.98919,0.95221,0.95452,0.94916,0.95966,0.94888,0.94961,0.9484,0.98832,0.98462,0.96849,0.95473,0.97254,0.96852,0.96079,0.99532,0.98958,0.96853,0.99103,0.96884,0.94827,0.97853,0.99032,0.9612,0.96411,0.98326,0.95207,0.95892,0.9813,0.95283,0.95916,0.96465,0.95461,0.98316,0.96652,0.95212,0.97358,0.94936,0.97487,0.99028,0.96874,0.9742,0.95921,0.94694,0.97628,0.97496,0.97073,0.94594,0.99366,0.96209,0.96057
0.98449,0.94438,0.98436,1.0,0.98521,0.91024,0.97732,0.98393,0.95636,0.98248,0.98405,0.98686,0.97631,0.96394,0.99096,0.98476,0.98478,0.97601,0.99013,0.96489,0.99199,0.99567,0.97779,0.97817,0.98105,0.97624,0.99047,0.97943,0.97584,0.96865,0.98361,0.95067,0.97929,0.9667,0.98275,0.97947,0.98032,0.99279,0.99281,0.99389,0.98509,0.95402,0.96802,0.98931,0.96972,0.9635,0.97564,0.97926,0.9849,0.97964,0.97694,0.98106,0.98789,0.98569,0.94595,0.98465,0.98839,0.95344,0.98321,0.98834,0.97614,0.98799,0.98975,0.92556,0.98234,0.96023,0.97991,0.97139,0.96854,0.99092,0.99002,0.98858,0.97918,0.93374,0.97711,0.99397,0.9784,0.97228,0.98859,0.98771
0.99628,0.94079,0.95185,0.98521,1.0,0.89801,0.99407,0.99657,0.93189,0.99134,0.99687,0.98584,0.99423,0.95679,0.98283,0.99383,0.96592,0.99434,0.99602,0.94571,0.99489,0.98717,0.99452,0.99574,0.99434,0.99497,0.97342,0.9973,0.99423,0.93732,0.99594,0.94184,0.99494,0.9612,0.99866,0.99391,0.99544,0.97131,0.97909,0.99366,0.99675,0.91772,0.96028,0.9969,0.93008,0.92785,0.96104,0.96089,0.97304,0.99486,0.95993,0.96332,0.99497,0.9921,0.90612,0.99723,0.99726,0.91283,0.99639,0.99733,0.97324,0.99652,0.9781,0.88285,0.99642,0.93812,0.99401,0.94526,0.93421,0.99408,0.99259,0.99721,0.99542,0.891,0.97078,0.98957,0.99517,0.94456,0.99684,0.99532
0.90154,0.97746,0.92182,0.91024,0.89801,1.0,0.91406,0.91438,0.96537,0.93126,0.90143,0.87064,0.9045,0.96419,0.9287,0.92785,0.95895,0.90274,0.90381,0.91825,0.9153,0.92314,0.90674,0.89535,0.90536,0.90147,0.93459,0.89239,0.90415,0.92803,0.90059,0.96996,0.90778,0.95552,0.89193,0.91934,0.9135,0.9214,0.91644,0.89905,0.91416,0.90246,0.96264,0.90492,0.90835,0.92691,0.93261,0.9409,0.94381,0.9123,0.94795,0.94246,0.92807,0.93072,0.93036,0.90122,0.90607,0.91659,0.90801,0.90597,0.94718,0.88681,0.9352,0.92863,0.91502,0.97333,0.92293,0.90853,0.92644,0.9067,0.92432,0.90303,0.91195,0.90461,0.95894,0.92092,0.90466,0.93931,0.91085,0.92451
0.99762,0.94914,0.94511,0.97732,0.99407,0.91406,1.0,0.99811,0.93077,0.9972,0.99715,0.977,0.99955,0.95746,0.97323,0.99745,0.96416,0.99938,0.99073,0.93074,0.98881,0.97809,0.99962,0.998,0.99818,0.99911,0.96439,0.99696,0.99949,0.93245,0.99787,0.94136,0.99768,0.96629,0.9951,0.99974,0.99952,0.96151,0.96778,0.9865,0.9981,0.90867,0.95597,0.99212,0.92455,0.92279,0.95012,0.95364,0.96881,0.99974,0.95123,0.95812,0.99591,0.98773,0.90433,0.99723,0.99516,0.90701,0.9986,0.99581,0.96624,0.99077,0.96778,0.88582,0.99888,0.94133,0.99935,0.93244,0.92868,0.98802,0.98639,0.99369,0.99977,0.88804,0.96886,0.98346,0.99892,0.93926,0.99523,0.99618
0.99879,0.95235,0.95557,0.98393,0.99657,0.91438,0.99811,1.0,0.93497,0.99751,0.99709,0.98238,0.99785,0.95903,0.98081,0.99713,0.96869,0.9979,0.99426,0.93598,0.99434,0.98345,0.99822,0.99839,0.99878,0.99833,0.97005,0.99759,0.99782,0.93985,0.99862,0.94437,0.99911,0.97197,0.99714,0.99852,0.99844,0.96987,0.97472,0.99137,0.99844,0.91553,0.96083,0.99501,0.93486,0.93135,0.95506,0.96339,0.97112,0.99882,0.95712,0.96779,0.99658,0.98968,0.91344,0.99883,0.99703,0.9146,0.99964,0.99776,0.97021,0.99502,0.97482,0.89209,0.9993,0.94474,0.99813,0.93822,0.93662,0.99312,0.99236,0.99623,0.99884,0.89824,0.97562,0.98615,0.99893,0.94882,0.99811,0.99722
0.92757,0.97255,0.97269,0.95636,0.93189,0.96537,0.93077,0.93497,1.0,0.94402,0.92781,0.91318,0.92345,0.97594,0.9609,0.94548,0.98884,0.92208,0.94167,0.98058,0.95015,0.96723,0.92557,0.918,0.92468,0.92124,0.98106,0.92151,0.92294,0.98721,0.92611,0.97945,0.92501,0.94539,0.92218,0.93468,0.93261,0.96669,0.97021,0.94016,0.93805,0.97692,0.98442,0.94161,0.97047,0.98331,0.97689,0.97867,0.9764,0.93006,0.99076,0.97246,0.95094,0.96038,0.98009,0.92684,0.93871,0.98238,0.92972,0.93698,0.9773,0.92193,0.97753,0.97791,0.93395,0.99316,0.93762,0.97957,0.98667,0.94457,0.95717,0.93751,0.9303,0.96821,0.97139,0.96184,0.9232,0.98198,0.94015,0.94713
0.99647,0.96245,0.95864,0.98248,0.99134,0.93126,0.9972,0.99751,0.94402,1.0,0.99391,0.97564,0.99562,0.96753,0.98012,0.99818,0.97513,0.99535,0.99139,0.93781,0.99154,0.98174,0.99629,0.99444,0.99695,0.99523,0.97206,0.99243,0.99543,0.94463,0.99637,0.9543,0.99661,0.97878,0.99205,0.99843,0.99743,0.9702,0.97311,0.98716,0.99707,0.91857,0.96679,0.99212,0.93878,0.93764,0.95716,0.96749,0.97413,0.99777,0.96111,0.97206,0.99691,0.9905,0.92297,0.99497,0.99488,0.9208,0.99725,0.99565,0.972,0.98931,0.97574,0.90494,0.99778,0.95643,0.99816,0.93901,0.94176,0.99065,0.99138,0.9935,0.99711,0.90578,0.98086,0.98541,0.99632,0.95488,0.99618,0.99745
0.99782,0.93919,0.94825,0.98405,0.99687,0.90143,0.99715,0.99709,0.92781,0.99391,1.0,0.98763,0.9976,0.95599,0.97834,0.99595,0.96443,0.99754,0.9927,0.93529,0.99056,0.98354,0.99783,0.99757,0.99723,0.9974,0.9686,0.99791,0.9974,0.9321,0.99798,0.93789,0.99616,0.96301,0.99759,0.99673,0.99781,0.9677,0.97243,0.99155,0.99751,0.91126,0.95456,0.99388,0.9263,0.92253,0.95488,0.95237,0.97145,0.99753,0.95293,0.95821,0.99534,0.98843,0.90134,0.99834,0.99618,0.90767,0.99796,0.99674,0.96721,0.99542,0.97144,0.88019,0.99719,0.93746,0.99662,0.93772,0.92908,0.9895,0.98755,0.9951,0.9975,0.88428,0.96689,0.98831,0.99731,0.93922,0.99563,0.99585
0.98536,0.91134,0.95113,0.98686,0.98584,0.87064,0.977,0.98238,0.91318,0.97564,0.98763,1.0,0.97892,0.93529,0.97443,0.97989,0.95475,0.97929,0.98478,0.92746,0.98361,0.97841,0.97971,0.98349,0.98283,0.97991,0.96545,0.98363,0.97881,0.92613,0.98478,0.91582,0.98028,0.94775,0.98645,0.97747,0.97984,0.96829,0.97103,0.99132,0.98347,0.90887,0.93892,0.98436,0.92937,0.92239,0.94521,0.94539,0.96104,0.97972,0.94239,0.95409,0.98187,0.97275,0.89835,0.98761,0.98519,0.90399,0.98351,0.98622,0.95139,0.99371,0.96766,0.8714,0.98126,0.91778,0.97698,0.93483,0.92626,0.98226,0.97589,0.98531,0.97912,0.88103,0.9519,0.98148,0.98101,0.93505,0.98487,0.98303
0.99794,0.94256,0.94206,0.97631,0.99423,0.9045,0.99955,0.99785,0.92345,0.99562,0.9976,0.97892,1.0,0.95207,0.97142,0.99575,0.9594,0.99996,0.98965,0.92588,0.98745,0.97601,0.99995,0.99892,0.9986,0.9997,0.96027,0.99817,0.99996,0.92797,0.99831,0.93486,0.99768,0.96327,0.99614,0.99902,0.99882,0.95972,0.96506,0.98591,0.99718,0.90467,0.95022,0.99102,0.92125,0.91725,0.94636,0.94902,0.96447,0.99951,0.94592,0.95388,0.99402,0.98531,0.89812,0.99775,0.99442,0.90218,0.99874,0.99527,0.96234,0.99168,0.96423,0.87832,0.99833,0.93478,0.99838,0.92865,0.9238,0.98667,0.98467,0.9929,0.9994,0.88256,0.96458,0.98128,0.99932,0.93465,0.99445,0.9946
0.95261,0.98135,0.95911,0.96394,0.95679,0.96419,0.95746,0.95903,0.97594,0.96753,0.95599,0.93529,0.95207,1.0,0.98036,0.9672,0.98885,0.95091,0.95541,0.97005,0.96279,0.97614,0.95378,0.94663,0.95257,0.95028,0.98,0.94995,0.95152,0.95819,0.95211,0.99664,0.95342,0.97595,0.95104,0.96056,0.9581,0.9739,0.96912,0.95506,0.96013,0.94234,0.98983,0.95671,0.94321,0.94807,0.98542,0.971,0.9786,0.95723,0.98387,0.97276,0.97023,0.98126,0.9418,0.9524,0.95714,0.94743,0.95576,0.95684,0.98887,0.94636,0.97981,0.92741,0.95978,0.98616,0.96306,0.95972,0.95363,0.95596,0.97449,0.95514,0.95605,0.91824,0.98944,0.97395,0.9518,0.97114,0.95906,0.9664
0.97731,0.96063,0.97612,0.99096,0.98283,0.9287,0.97323,0.98081,0.9609,0.98012,0.97834,0.97443,0.97142,0.98036,1.0,0.98122,0.98767,0.97112,0.98147,0.97016,0.98722,0.99461,0.973,0.9721,0.97562,0.97169,0.98817,0.97502,0.97115,0.96256,0.97643,0.97293,0.97629,0.981,0.97937,0.97604,0.97548,0.99451,0.9873,0.9842,0.97949,0.94905,0.97835,0.98197,0.95775,0.95198,0.98716,0.98111,0.98509,0.97515,0.98174,0.98125,0.98457,0.99031,0.93767,0.97821,0.98052,0.94782,0.97843,0.98078,0.99084,0.97974,0.99017,0.91445,0.97957,0.96922,0.97795,0.96865,0.9597,0.98311,0.99172,0.9806,0.97488,0.92219,0.98956,0.98919,0.97422,0.97232,0.98219,0.98306
0.99659,0.95645,0.95737,0.98476,0.99383,0.92785,0.99745,0.99713,0.94548,0.99818,0.99595,0.97989,0.99575,0.9672,0.98122,1.0,0.97562,0.99537,0.99364,0.94371,0.99239,0.98525,0.99645,0.99458,0.99635,0.99524,0.97596,0.99329,0.99567,0.94362,0.99642,0.95309,0.99557,0.97326,0.99356,0.99832,0.99843,0.97145,0.976,0.99107,0.99887,0.92117,0.96715,0.99473,0.93662,0.93802,0.96032,0.96581,0.97903,0.99771,0.96371,0.96973,0.99902,0.99237,0.92014,0.996,0.99657,0.92087,0.99711,0.99706,0.97419,0.99166,0.97824,0.90255,0.99833,0.95398,0.99861,0.94407,0.942,0.99172,0.99046,0.99553,0.99766,0.90206,0.97776,0.98966,0.99608,0.95208,0.9968,0.99918
0.96431,0.977,0.9851,0.98478,0.96592,0.95895,0.96416,0.96869,0.98884,0.97513,0.96443,0.95475,0.9594,0.98885,0.98767,0.97562,1.0,0.95838,0.97188,0.9812,0.97855,0.9895,0.96132,0.95632,0.96239,0.95787,0.99438,0.95821,0.95885,0.98436,0.96328,0.98519,0.96178,0.97532,0.96004,0.96769,0.96605,0.98929,0.98764,0.97237,0.9704,0.97129,0.98916,0.97186,0.97542,0.97801,0.98901,0.98773,0.99126,0.96487,0.99359,0.9867,0.97959,0.98427,0.96925,0.9638,0.97081,0.97489,0.96558,0.97024,0.98989,0.96137,0.99156,0.95845,0.96794,0.99226,0.96962,0.98164,0.98304,0.97386,0.98331,0.96977,0.96423,0.95499,0.99008,0.98603,0.96023,0.98692,0.97229,0.97671
0.998,0.94208,0.94172,0.97601,0.99434,0.90274,0.99938,0.9979,0.92208,0.99535,0.99754,0.97929,0.99996,0.95091,0.97112,0.99537,0.95838,1.0,0.98954,0.92463,0.9874,0.9755,0.99988,0.99918,0.9987,0.99984,0.95957,0.99842,0.99996,0.92712,0.99835,0.93376,0.99788,0.96284,0.99641,0.99882,0.9987,0.95925,0.96467,0.98597,0.997,0.90345,0.94939,0.99087,0.92083,0.91653,0.94531,0.94868,0.96314,0.99942,0.9448,0.95383,0.9936,0.98488,0.8974,0.99781,0.99427,0.90102,0.99878,0.99519,0.9615,0.992,0.96373,0.87701,0.99827,0.93338,0.99807,0.92752,0.92293,0.98661,0.98458,0.9928,0.9993,0.88188,0.96417,0.98062,0.99945,0.93436,0.9944,0.99427
0.99507,0.94233,0.96317,0.99013,0.99602,0.90381,0.99073,0.99426,0.94167,0.99139,0.9927,0.98478,0.98965,0.95541,0.98147,0.99364,0.97188,0.98954,1.0,0.95144,0.99789,0.98937,0.99033,0.99159,0.99136,0.99012,0.98009,0.9915,0.98943,0.94915,0.99428,0.94085,0.99133,0.95923,0.9934,0.99134,0.99303,0.97377,0.98603,0.99599,0.99619,0.92844,0.96348,0.99977,0.94366,0.94441,0.9612,0.97073,0.97863,0.99194,0.96697,0.97164,0.99534,0.99114,0.92382,0.99465,0.99911,0.92586,0.99379,0.99859,0.97101,0.99546,0.98339,0.90374,0.99385,0.94478,0.99119,0.95297,0.94847,0.99925,0.99326,0.99958,0.99245,0.90982,0.97168,0.99242,0.99091,0.9544,0.99847,0.99651
0.93213,0.94245,0.96507,0.96489,0.94571,0.91825,0.93074,0.93598,0.98058,0.93781,0.93529,0.92746,0.92588,0.97005,0.97016,0.94371,0.9812,0.92463,0.95144,1.0,0.95616,0.97909,0.92764,0.92223,0.92541,0.92384,0.98621,0.93027,0.92516,0.97779,0.93082,0.96941,0.92442,0.92808,0.93395,0.93309,0.93367,0.97506,0.98135,0.94937,0.94078,0.98124,0.97514,0.95182,0.95963,0.96581,0.99177,0.9709,0.98165,0.93068,0.99274,0.95899,0.95158,0.96889,0.95312,0.93229,0.9463,0.9755,0.93203,0.94339,0.98341,0.93355,0.98251,0.94408,0.93549,0.97338,0.93644,0.99464,0.97549,0.95236,0.96213,0.94641,0.93135,0.94372,0.96093,0.97262,0.92468,0.9683,0.94422,0.94801
0.99296,0.95358,0.97081,0.99199,0.99489,0.9153,0.98881,0.99434,0.95015,0.99154,0.99056,0.98361,0.98745,0.96279,0.98722,0.99239,0.97855,0.9874,0.99789,0.95616,1.0,0.99203,0.98834,0.98968,0.99,0.98832,0.98437,0.98991,0.98731,0.95713,0.99197,0.95086,0.99111,0.96793,0.99171,0.99006,0.99082,0.9795,0.98975,0.99568,0.99449,0.93597,0.97099,0.99751,0.95256,0.95233,0.96728,0.97839,0.98119,0.99029,0.97289,0.97968,0.995,0.99214,0.934,0.9935,0.99675,0.93497,0.99286,0.99651,0.97743,0.99412,0.98777,0.91327,0.99301,0.95392,0.99015,0.95799,0.95616,0.99853,0.99682,0.99714,0.9907,0.92054,0.98062,0.99279,0.98958,0.9637,0.99753,0.99526
0.98144,0.95446,0.97875,0.99567,0.98717,0.92314,0.97809,0.98345,0.96723,0.98174,0.98354,0.97841,0.97601,0.97614,0.99461,0.98525,0.9895,0.9755,0.98937,0.97909,0.99203,1.0,0.97728,0.97585,0.97777,0.97554,0.99485,0.97912,0.97549,0.971,0.98061,0.9658,0.9776,0.96633,0.98182,0.97964,0.98058,0.99247,0.99562,0.99047,0.98492,0.9599,0.97885,0.9896,0.96363,0.9616,0.98789,0.98044,0.99286,0.97909,0.98738,0.97935,0.9892,0.99241,0.94398,0.98221,0.98757,0.95649,0.98152,0.98669,0.98913,0.98364,0.9942,0.92567,0.98225,0.96905,0.98126,0.97998,0.96923,0.98934,0.99238,0.98763,0.97947,0.93064,0.98232,0.99756,0.97689,0.97222,0.98703,0.98789
0.9983,0.94393,0.94434,0.97779,0.99452,0.90674,0.99962,0.99822,0.92557,0.99629,0.99783,0.97971,0.99995,0.95378,0.973,0.99645,0.96132,0.99988,0.99033,0.92764,0.98834,0.97728,1.0,0.99892,0.99892,0.99963,0.96202,0.9981,0.9999,0.92987,0.99863,0.93675,0.99793,0.96508,0.99636,0.99929,0.99905,0.96165,0.96641,0.98685,0.99765,0.9066,0.95206,0.99164,0.92349,0.91961,0.94798,0.95115,0.96603,0.9997,0.94784,0.95595,0.99479,0.9862,0.90068,0.99806,0.99496,0.90444,0.99905,0.99582,0.96368,0.99221,0.96597,0.88086,0.9987,0.93691,0.99873,0.93033,0.92592,0.98753,0.98574,0.99346,0.99954,0.88491,0.96637,0.98236,0.99943,0.93685,0.99509,0.99539
0.99889,0.93843,0.94391,0.97817,0.99574,0.89535,0.998,0.99839,0.918,0.99444,0.99757,0.98349,0.99892,0.94663,0.9721,0.99458,0.95632,0.99918,0.99159,0.92223,0.98968,0.97585,0.99892,1.0,0.99908,0.99959,0.95984,0.99896,0.99902,0.92566,0.99898,0.9293,0.99869,0.9619,0.9979,0.99761,0.99804,0.96021,0.96626,0.98919,0.99724,0.90067,0.94773,0.99249,0.92207,0.91716,0.94267,0.95048,0.9606,0.9987,0.94304,0.95649,0.99319,0.98415,0.89726,0.99896,0.99537,0.89855,0.99922,0.99646,0.95893,0.99536,0.96483,0.87427,0.99831,0.92853,0.9966,0.92557,0.92227,0.98923,0.98607,0.99448,0.99862,0.88169,0.96395,0.98047,0.99956,0.93533,0.99591,0.99433
0.99932,0.9449,0.95045,0.98105,0.99434,0.90536,0.99818,0.99878,0.92468,0.99695,0.99723,0.98283,0.9986,0.95257,0.97562,0.99635,0.96239,0.9987,0.99136,0.92541,0.99,0.97777,0.99892,0.99908,1.0,0.99889,0.96307,0.9976,0.99861,0.93166,0.99943,0.93596,0.99891,0.96969,0.99699,0.99852,0.99836,0.96539,0.96738,0.989,0.99749,0.90666,0.95165,0.99224,0.92916,0.92336,0.9468,0.95585,0.9641,0.9991,0.94729,0.96187,0.99451,0.9855,0.90516,0.99866,0.99538,0.90623,0.99957,0.99666,0.96207,0.99442,0.96738,0.88333,0.99867,0.93718,0.99756,0.92924,0.92837,0.98966,0.98774,0.99427,0.99858,0.88971,0.9693,0.98156,0.9995,0.94206,0.99636,0.99562
0.99822,0.94253,0.94245,0.97624,0.99497,0.90147,0.99911,0.99833,0.92124,0.99523,0.9974,0.97991,0.9997,0.95028,0.97169,0.99524,0.95787,0.99984,0.99012,0.92384,0.98832,0.97554,0.99963,0.99959,0.99889,1.0,0.9598,0.99877,0.99977,0.92671,0.99846,0.93346,0.99853,0.96321,0.997,0.9986,0.99864,0.9594,0.96529,0.987,0.99721,0.90216,0.94981,0.99134,0.92123,0.91696,0.94452,0.94998,0.96206,0.99931,0.94448,0.95546,0.9936,0.98503,0.89781,0.9982,0.99453,0.90007,0.99906,0.99554,0.9613,0.99299,0.96435,0.87629,0.99854,0.93212,0.99779,0.92654,0.92275,0.9875,0.98551,0.9933,0.99928,0.88217,0.96509,0.98034,0.99971,0.93533,0.99499,0.99431
0.96753,0.96215,0.98558,0.99047,0.97342,0.93459,0.96439,0.97005,0.98106,0.97206,0.9686,0.96545,0.96027,0.98,0.98817,0.97596,0.99438,0.95957,0.98009,0.98621,0.98437,0.99485,0.96202,0.95984,0.96307,0.9598,1.0,0.96289,0.95985,0.98126,0.9662,0.97378,0.96298,0.96109,0.96613,0.96698,0.96794,0.98988,0.99625,0.9827,0.97388,0.96936,0.98609,0.97956,0.97446,0.97858,0.98822,0.98773,0.99197,0.96546,0.99369,0.98659,0.98126,0.98658,0.96457,0.96785,0.97666,0.97042,0.96736,0.97555,0.98705,0.97008,0.99671,0.94929,0.96955,0.97848,0.96862,0.98579,0.98183,0.98124,0.98577,0.97687,0.96554,0.94978,0.98321,0.99222,0.96159,0.98405,0.97661,0.97902
0.99786,0.93828,0.94548,0.97943,0.9973,0.89239,0.99696,0.99759,0.92151,0.99243,0.99791,0.98363,0.99817,0.94995,0.97502,0.99329,0.95821,0.99842,0.9915,0.93027,0.98991,0.97912,0.9981,0.99896,0.9976,0.99877,0.96289,1.0,0.99825,0.9299,0.99799,0.9329,0.99718,0.95992,0.99878,0.99629,0.99697,0.96359,0.96942,0.98922,0.99624,0.9078,0.95038,0.9926,0.92466,0.91908,0.94939,0.95187,0.96305,0.99748,0.94774,0.95647,0.99268,0.98642,0.89864,0.9984,0.995,0.90429,0.99828,0.99582,0.96406,0.99492,0.96771,0.87579,0.99718,0.93086,0.99551,0.9329,0.92577,0.98898,0.9877,0.99412,0.99755,0.88454,0.9647,0.98273,0.99832,0.93753,0.99513,0.99328
0.99785,0.94252,0.94166,0.97584,0.99423,0.90415,0.99949,0.99782,0.92294,0.99543,0.9974,0.97881,0.99996,0.95152,0.97115,0.99567,0.95885,0.99996,0.98943,0.92516,0.98731,0.97549,0.9999,0.99902,0.99861,0.99977,0.95985,0.99825,1.0,0.92737,0.99819,0.93449,0.99775,0.96313,0.99624,0.99898,0.99878,0.9593,0.96463,0.9859,0.99715,0.90388,0.94997,0.99082,0.9208,0.91694,0.94563,0.94895,0.96377,0.99946,0.94529,0.95383,0.99394,0.98512,0.89777,0.99776,0.99421,0.90145,0.99871,0.99513,0.96206,0.99172,0.96392,0.87776,0.9984,0.93399,0.99832,0.92788,0.92326,0.98648,0.98447,0.99273,0.99941,0.8822,0.96442,0.98074,0.9994,0.93435,0.99434,0.99447
0.93587,0.95634,0.98919,0.96865,0.93732,0.92803,0.93245,0.93985,0.98721,0.94463,0.9321,0.92613,0.92797,0.95819,0.96256,0.94362,0.98436,0.92712,0.94915,0.97779,0.95713,0.971,0.92987,0.92566,0.93166,0.92671,0.98126,0.9299,0.92737,1.0,0.93444,0.95797,0.9307,0.93959,0.93044,0.93614,0.93419,0.97633,0.97887,0.9487,0.94013,0.99159,0.96849,0.94759,0.99337,0.99265,0.97268,0.98339,0.96918,0.93347,0.98424,0.97549,0.94951,0.95684,0.98819,0.93416,0.94491,0.99613,0.93587,0.94354,0.96783,0.93232,0.97666,0.98297,0.93634,0.98158,0.9369,0.98785,0.99868,0.95399,0.96195,0.94436,0.933,0.98825,0.96413,0.96302,0.9287,0.98824,0.94654,0.94674
0.99995,0.94137,0.95221,0.98361,0.99594,0.90059,0.99787,0.99862,0.92611,0.99637,0.99798,0.98478,0.99831,0.95211,0.97643,0.99642,0.96328,0.99835,0.99428,0.93082,0.99197,0.98061,0.99863,0.99898,0.99943,0.99846,0.9662,0.99799,0.99819,0.93444,1.0,0.93486,0.99812,0.96552,0.99772,0.99802,0.9984,0.96695,0.9714,0.99126,0.99821,0.91089,0.95262,0.99497,0.93122,0.9262,0.94958,0.9574,0.96688,0.99884,0.95065,0.96218,0.99515,0.98723,0.90697,0.99902,0.9975,0.90937,0.99951,0.99833,0.96311,0.99588,0.97041,0.88543,0.99849,0.93708,0.99713,0.93436,0.93149,0.99238,0.98917,0.99663,0.99842,0.89195,0.96812,0.98476,0.99888,0.94304,0.99774,0.99657
0.93573,0.98545,0.95452,0.95067,0.94184,0.96996,0.94136,0.94437,0.97945,0.9543,0.93789,0.91582,0.93486,0.99664,0.97293,0.95309,0.98519,0.93376,0.94085,0.96941,0.95086,0.9658,0.93675,0.9293,0.93596,0.93346,0.97378,0.9329,0.93449,0.95797,0.93486,1.0,0.93789,0.97062,0.93474,0.94528,0.94212,0.96644,0.96084,0.9396,0.9447,0.94305,0.98902,0.94218,0.94104,0.94857,0.98193,0.97054,0.97031,0.94109,0.98184,0.97012,0.95677,0.97203,0.94622,0.93532,0.94148,0.94935,0.93967,0.94118,0.98615,0.92909,0.97372,0.93318,0.94494,0.98808,0.94822,0.95692,0.95343,0.94292,0.96495,0.93974,0.94003,0.92352,0.98686,0.9606,0.93545,0.97207,0.94447,0.95234
0.99815,0.94872,0.94916,0.97929,0.99494,0.90778,0.99768,0.99911,0.92501,0.99661,0.99616,0.98028,0.99768,0.95342,0.97629,0.99557,0.96178,0.99788,0.99133,0.92442,0.99111,0.9776,0.99793,0.99869,0.99891,0.99853,0.96298,0.99718,0.99775,0.9307,0.99812,0.93789,1.0,0.971,0.99666,0.99798,0.99792,0.96401,0.9678,0.98885,0.99714,0.90349,0.95368,0.99216,0.92737,0.92245,0.94645,0.95698,0.96297,0.99848,0.94753,0.96352,0.99426,0.98567,0.90434,0.99816,0.99485,0.90351,0.99916,0.996,0.96346,0.99388,0.96789,0.88135,0.99871,0.93702,0.99712,0.92717,0.92719,0.99017,0.98928,0.99405,0.9984,0.88878,0.9719,0.98079,0.99927,0.94223,0.99633,0.99492
0.966,0.97563,0.95966,0.9667,0.9612,0.95552,0.96629,0.97197,0.94539,0.97878,0.96301,0.94775,0.96327,0.97595,0.981,0.97326,0.97532,0.96284,0.95923,0.92808,0.96793,0.96633,0.96508,0.9619,0.96969,0.96321,0.96109,0.95992,0.96313,0.93959,0.96552,0.97062,0.971,1.0,0.96264,0.97082,0.96684,0.97249,0.95483,0.95951,0.96664,0.91222,0.96539,0.95976,0.9385,0.93159,0.95866,0.9681,0.96088,0.96833,0.9556,0.97481,0.97221,0.97144,0.92548,0.96543,0.96228,0.92171,0.96933,0.96438,0.96989,0.95936,0.96425,0.90417,0.9709,0.96716,0.97154,0.92646,0.93572,0.963,0.97611,0.96085,0.9666,0.90647,0.98916,0.96132,0.96721,0.96104,0.96767,0.97087
0.99782,0.93689,0.94888,0.98275,0.99866,0.89193,0.9951,0.99714,0.92218,0.99205,0.99759,0.98645,0.99614,0.95104,0.97937,0.99356,0.96004,0.99641,0.9934,0.93395,0.99171,0.98182,0.99636,0.9979,0.99699,0.997,0.96613,0.99878,0.99624,0.93044,0.99772,0.93474,0.99666,0.96264,1.0,0.995,0.99605,0.96818,0.97225,0.9917,0.99629,0.90883,0.95254,0.99426,0.92637,0.92103,0.95278,0.95586,0.9653,0.99623,0.95044,0.95992,0.99307,0.98842,0.90016,0.99823,0.99587,0.90524,0.99776,0.99669,0.96616,0.99668,0.97143,0.8754,0.99701,0.93162,0.99447,0.93536,0.92705,0.99145,0.98965,0.99552,0.99626,0.88506,0.96703,0.9844,0.99727,0.94016,0.99603,0.99416
0.99787,0.95297,0.94961,0.97947,0.99391,0.91934,0.99974,0.99852,0.93468,0.99843,0.99673,0.97747,0.99902,0.96056,0.97604,0.99832,0.96769,0.99882,0.99134,0.93309,0.99006,0.97964,0.99929,0.99761,0.99852,0.9986,0.96698,0.99629,0.99898,0.93614,0.99802,0.94528,0.99798,0.97082,0.995,1.0,0.99948,0.965,0.96964,0.98746,0.99841,0.912,0.95911,0.99257,0.92912,0.92729,0.95257,0.9581,0.97083,0.99978,0.9542,0.96248,0.99683,0.98891,0.90975,0.99729,0.99552,0.91132,0.99883,0.99627,0.96839,0.99107,0.97044,0.89117,0.99929,0.94572,0.99964,0.93474,0.93267,0.9892,0.98814,0.99411,0.99964,0.89328,0.97267,0.98437,0.99887,0.94394,0.99596,0.99711
0.99832,0.94914,0.9484,0.98032,0.99544,0.9135,0.99952,0.99844,0.93261,0.99743,0.99781,0.97984,0.99882,0.9581,0.97548,0.99843,0.96605,0.9987,0.99303,0.93367,0.99082,0.98058,0.99905,0.99804,0.99836,0.99864,0.96794,0.99697,0.99878,0.93419,0.9984,0.94212,0.99792,0.96684,0.99605,0.99948,1.0,0.96421,0.97062,0.98944,0.99903,0.91034,0.95769,0.99429,0.92725,0.92627,0.95195,0.95688,0.97087,0.99954,0.95371,0.96169,0.99711,0.98917,0.90699,0.9978,0.9967,0.90883,0.99884,0.99729,0.96721,0.99284,0.97097,0.88789,0.99923,0.94224,0.99913,0.93497,0.93128,0.99049,0.98818,0.99559,0.99964,0.89029,0.97044,0.98564,0.99879,0.94219,0.99663,0.99751
0.9679,0.95316,0.98832,0.99279,0.97131,0.9214,0.96151,0.96987,0.96669,0.9702,0.9677,0.96829,0.95972,0.9739,0.99451,0.97145,0.98929,0.95925,0.97377,0.97506,0.9795,0.99247,0.96165,0.96021,0.96539,0.9594,0.98988,0.96359,0.9593,0.97633,0.96695,0.96644,0.96401,0.97249,0.96818,0.965,0.96421,1.0,0.98869,0.97938,0.9692,0.96644,0.97318,0.97345,0.976,0.96666,0.98714,0.98357,0.9824,0.96397,0.98317,0.98232,0.97537,0.98061,0.9543,0.96786,0.97175,0.96683,0.96792,0.97191,0.9833,0.9703,0.98892,0.93372,0.96816,0.97283,0.96641,0.97911,0.97404,0.97636,0.98419,0.97181,0.96325,0.94323,0.98242,0.98492,0.96251,0.98091,0.9731,0.9737
0.97282,0.95223,0.98462,0.99281,0.97909,0.91644,0.96778,0.97472,0.97021,0.97311,0.97243,0.97103,0.96506,0.96912,0.9873,0.976,0.98764,0.96467,0.98603,0.98135,0.98975,0.99562,0.96641,0.96626,0.96738,0.96529,0.99625,0.96942,0.96463,0.97887,0.9714,0.96084,0.9678,0.95483,0.97225,0.96964,0.97062,0.98869,1.0,0.98735,0.97705,0.96639,0.97943,0.98486,0.97366,0.97399,0.98316,0.9862,0.98823,0.96919,0.98872,0.9833,0.98167,0.9868,0.95864,0.97336,0.98179,0.96541,0.97227,0.98048,0.98255,0.97679,0.99536,0.9403,0.97314,0.96665,0.97068,0.98359,0.97868,0.98757,0.98866,0.98253,0.96962,0.94678,0.97826,0.9932,0.96643,0.97931,0.98166,0.98045
0.99214,0.93817,0.96849,0.99389,0.99366,0.89905,0.9865,0.99137,0.94016,0.98716,0.99155,0.99132,0.98591,0.95506,0.9842,0.99107,0.97237,0.98597,0.99599,0.94937,0.99568,0.99047,0.98685,0.98919,0.989,0.987,0.9827,0.98922,0.9859,0.9487,0.99126,0.9396,0.98885,0.95951,0.9917,0.98746,0.98944,0.97938,0.98735,1.0,0.99369,0.92868,0.96304,0.99561,0.94898,0.94729,0.9605,0.96997,0.97667,0.98835,0.96488,0.97448,0.99334,0.98746,0.92625,0.99313,0.99513,0.92697,0.99119,0.99538,0.96852,0.9966,0.98485,0.90212,0.99121,0.94171,0.98751,0.95292,0.94939,0.99496,0.99082,0.99571,0.98866,0.90951,0.9718,0.99273,0.98833,0.95747,0.99512,0.99374
0.99844,0.94871,0.95473,0.98509,0.99675,0.91416,0.9981,0.99844,0.93805,0.99707,0.99751,0.98347,0.99718,0.96013,0.97949,0.99887,0.9704,0.997,0.99619,0.94078,0.99449,0.98492,0.99765,0.99724,0.99749,0.99721,0.97388,0.99624,0.99715,0.94013,0.99821,0.9447,0.99714,0.96664,0.99629,0.99841,0.99903,0.9692,0.97705,0.99369,1.0,0.91729,0.9627,0.99703,0.93386,0.93427,0.95646,0.96293,0.97552,0.9985,0.95989,0.96681,0.99872,0.99144,0.91462,0.99837,0.99864,0.91564,0.99863,0.999,0.97065,0.99532,0.97709,0.89506,0.99926,0.94514,0.99839,0.94189,0.93831,0.99409,0.99106,0.99797,0.99875,0.89761,0.97332,0.98976,0.99768,0.94782,0.99861,0.99914
0.91217,0.92835,0.97254,0.95402,0.91772,0.90246,0.90867,0.91553,0.97692,0.91857,0.91126,0.90887,0.90467,0.94234,0.94905,0.92117,0.97129,0.90345,0.92844,0.98124,0.93597,0.9599,0.9066,0.90067,0.90666,0.90216,0.96936,0.9078,0.90388,0.99159,0.91089,0.94305,0.90349,0.91222,0.90883,0.912,0.91034,0.96644,0.96639,0.92868,0.91729,1.0,0.9486,0.92786,0.98141,0.97689,0.9709,0.96249,0.96176,0.90922,0.97517,0.94863,0.92838,0.94011,0.96965,0.91102,0.92352,0.99597,0.91169,0.92141,0.95922,0.91049,0.96107,0.9686,0.91228,0.96767,0.91398,0.99338,0.98972,0.93192,0.94045,0.92294,0.90913,0.97527,0.94033,0.95031,0.90361,0.96824,0.92316,0.92438
0.954,0.979,0.96852,0.96802,0.96028,0.96264,0.95597,0.96083,0.98442,0.96679,0.95456,0.93892,0.95022,0.98983,0.97835,0.96715,0.98916,0.94939,0.96348,0.97514,0.97099,0.97885,0.95206,0.94773,0.95165,0.94981,0.98609,0.95038,0.94997,0.96849,0.95262,0.98902,0.95368,0.96539,0.95254,0.95911,0.95769,0.97318,0.97943,0.96304,0.9627,0.9486,1.0,0.96339,0.95441,0.96611,0.97999,0.98416,0.98015,0.95612,0.99167,0.98302,0.97175,0.98307,0.96061,0.95391,0.96202,0.95527,0.95647,0.96112,0.98694,0.95124,0.99066,0.94462,0.96055,0.98391,0.96184,0.9648,0.9667,0.96511,0.97953,0.96119,0.95587,0.93665,0.99015,0.97719,0.95132,0.98007,0.96452,0.96973
0.99565,0.94295,0.96079,0.98931,0.9969,0.90492,0.99212,0.99501,0.94161,0.99212,0.99388,0.98436,0.99102,0.95671,0.98197,0.99473,0.97186,0.99087,0.99977,0.95182,0.99751,0.9896,0.99164,0.99249,0.99224,0.99134,0.97956,0.9926,0.99082,0.94759,0.99497,0.94218,0.99216,0.95976,0.99426,0.99257,0.99429,0.97345,0.98486,0.99561,0.99703,0.92786,0.96339,1.0,0.94094,0.9418,0.96224,0.96918,0.97935,0.99304,0.96685,0.96988,0.99618,0.99211,0.92073,0.99525,0.99938,0.92435,0.99459,0.99888,0.97265,0.99545,0.98268,0.90113,0.99487,0.9452,0.99265,0.95287,0.9466,0.99861,0.99323,0.99972,0.99368,0.90665,0.97186,0.99279,0.99202,0.95238,0.99854,0.99714
0.93281,0.94424,0.99532,0.96972,0.93008,0.90835,0.92455,0.93486,0.97047,0.93878,0.9263,0.92937,0.92125,0.94321,0.95775,0.93662,0.97542,0.92083,0.94366,0.95963,0.95256,0.96363,0.92349,0.92207,0.92916,0.92123,0.97446,0.92466,0.9208,0.99337,0.93122,0.94104,0.92737,0.9385,0.92637,0.92912,0.92725,0.976,0.97366,0.94898,0.93386,0.98141,0.95441,0.94094,1.0,0.99184,0.95717,0.98142,0.95497,0.9274,0.96927,0.97781,0.94154,0.94513,0.98827,0.93061,0.93887,0.99031,0.9318,0.93882,0.95045,0.93218,0.9691,0.97683,0.93056,0.96745,0.92852,0.97488,0.99427,0.95005,0.95636,0.93886,0.92595,0.98868,0.95814,0.95431,0.9244,0.98899,0.94209,0.93981
0.92821,0.95179,0.98958,0.9635,0.92785,0.92691,0.92279,0.93135,0.98331,0.93764,0.92253,0.92239,0.91725,0.94807,0.95198,0.93802,0.97801,0.91653,0.94441,0.96581,0.95233,0.9616,0.91961,0.91716,0.92336,0.91696,0.97858,0.91908,0.91694,0.99265,0.9262,0.94857,0.92245,0.93159,0.92103,0.92729,0.92627,0.96666,0.97399,0.94729,0.93427,0.97689,0.96611,0.9418,0.99184,1.0,0.9564,0.98489,0.96064,0.92457,0.97735,0.98004,0.94363,0.94753,0.99628,0.92642,0.93862,0.98721,0.92746,0.93765,0.95368,0.92739,0.97414,0.98962,0.92888,0.97405,0.92778,0.97413,0.99643,0.9501,0.95449,0.93875,0.92405,0.99057,0.95902,0.95554,0.91974,0.98964,0.94102,0.942
0.95041,0.95747,0.96853,0.97564,0.96104,0.93261,0.95012,0.95506,0.97689,0.95716,0.95488,0.94521,0.94636,0.98542,0.98716,0.96032,0.98901,0.94531,0.9612,0.99177,0.96728,0.98789,0.94798,0.94267,0.9468,0.94452,0.98822,0.94939,0.94563,0.97268,0.94958,0.98193,0.94645,0.95866,0.95278,0.95257,0.95195,0.98714,0.98316,0.9605,0.95646,0.9709,0.97999,0.96224,0.95717,0.9564,1.0,0.97341,0.98741,0.95034,0.99188,0.96724,0.96613,0.98057,0.94403,0.95122,0.95907,0.96665,0.95173,0.95751,0.99378,0.95043,0.98516,0.93041,0.95428,0.98016,0.95558,0.98726,0.96812,0.96223,0.97504,0.95856,0.95042,0.9316,0.9777,0.98121,0.94587,0.97091,0.95855,0.96233
0.95927,0.97256,0.99103,0.97926,0.96089,0.9409,0.95364,0.96339,0.97867,0.96749,0.95237,0.94539,0.94902,0.971,0.98111,0.96581,0.98773,0.94868,0.97073,0.9709,0.97839,0.98044,0.95115,0.95048,0.95585,0.94998,0.98773,0.95187,0.94895,0.98339,0.9574,0.97054,0.95698,0.9681,0.95586,0.9581,0.95688,0.98357,0.9862,0.96997,0.96293,0.96249,0.98416,0.96918,0.98142,0.98489,0.97341,1.0,0.97424,0.95593,0.98697,0.99569,0.96953,0.97734,0.97922,0.9572,0.96629,0.97121,0.95937,0.96602,0.97794,0.95781,0.99031,0.96209,0.96127,0.97941,0.95883,0.9706,0.98418,0.97658,0.98394,0.96703,0.95549,0.96779,0.98777,0.97384,0.9531,0.99327,0.9698,0.96919
0.96778,0.95535,0.96884,0.9849,0.97304,0.94381,0.96881,0.97112,0.9764,0.97413,0.97145,0.96104,0.96447,0.9786,0.98509,0.97903,0.99126,0.96314,0.97863,0.98165,0.98119,0.99286,0.96603,0.9606,0.9641,0.96206,0.99197,0.96305,0.96377,0.96918,0.96688,0.97031,0.96297,0.96088,0.9653,0.97083,0.97087,0.9824,0.98823,0.97667,0.97552,0.96176,0.98015,0.97935,0.95497,0.96064,0.98741,0.97424,1.0,0.96839,0.98977,0.96954,0.98335,0.98637,0.94387,0.96866,0.97704,0.95785,0.96867,0.97529,0.98904,0.96691,0.98814,0.93484,0.97155,0.97619,0.97412,0.98045,0.96893,0.97801,0.98004,0.97644,0.9694,0.929,0.97699,0.9932,0.96329,0.96401,0.97547,0.98077
0.99867,0.94875,0.94827,0.97964,0.99486,0.9123,0.99974,0.99882,0.93006,0.99777,0.99753,0.97972,0.99951,0.95723,0.97515,0.99771,0.96487,0.99942,0.99194,0.93068,0.99029,0.97909,0.9997,0.9987,0.9991,0.99931,0.96546,0.99748,0.99946,0.93347,0.99884,0.94109,0.99848,0.96833,0.99623,0.99978,0.99954,0.96397,0.96919,0.98835,0.9985,0.90922,0.95612,0.99304,0.9274,0.92457,0.95034,0.95593,0.96839,1.0,0.95148,0.96087,0.99621,0.98802,0.90629,0.99816,0.99605,0.90811,0.99935,0.99685,0.96581,0.99274,0.9693,0.88648,0.99936,0.9412,0.99916,0.93272,0.92996,0.98962,0.98794,0.99472,0.99976,0.88994,0.97031,0.98391,0.99946,0.94176,0.99638,0.9968
0.95206,0.9665,0.97853,0.97694,0.95993,0.94795,0.95123,0.95712,0.99076,0.96111,0.95293,0.94239,0.94592,0.98387,0.98174,0.96371,0.99359,0.9448,0.96697,0.99274,0.97289,0.98738,0.94784,0.94304,0.94729,0.94448,0.99369,0.94774,0.94529,0.98424,0.95065,0.98184,0.94753,0.9556,0.95044,0.9542,0.95371,0.98317,0.98872,0.96488,0.95989,0.97517,0.99167,0.96685,0.96927,0.97735,0.99188,0.98697,0.98977,0.95148,1.0,0.98028,0.9697,0.98124,0.96787,0.95185,0.9633,0.9762,0.95287,0.96128,0.99037,0.951,0.99371,0.95737,0.95586,0.9872,0.95702,0.98797,0.98289,0.96892,0.97884,0.96301,0.95178,0.95364,0.98222,0.98307,0.94603,0.98291,0.96353,0.9674
0.96394,0.97648,0.99032,0.98106,0.96332,0.94246,0.95812,0.96779,0.97246,0.97206,0.95821,0.95409,0.95388,0.97276,0.98125,0.96973,0.9867,0.95383,0.97164,0.95899,0.97968,0.97935,0.95595,0.95649,0.96187,0.95546,0.98659,0.95647,0.95383,0.97549,0.96218,0.97012,0.96352,0.97481,0.95992,0.96248,0.96169,0.98232,0.9833,0.97448,0.96681,0.94863,0.98302,0.96988,0.97781,0.98004,0.96724,0.99569,0.96954,0.96087,0.98028,1.0,0.97261,0.97615,0.97432,0.96249,0.96835,0.96073,0.96423,0.96899,0.9723,0.96375,0.98843,0.95384,0.96537,0.97633,0.96218,0.95922,0.97668,0.97672,0.98473,0.96883,0.95971,0.95793,0.9905,0.97395,0.95887,0.99376,0.9727,0.97233
0.99553,0.95725,0.9612,0.98789,0.99497,0.92807,0.99591,0.99658,0.95094,0.99691,0.99534,0.98187,0.99402,0.97023,0.98457,0.99902,0.97959,0.9936,0.99534,0.95158,0.995,0.9892,0.99479,0.99319,0.99451,0.9936,0.98126,0.99268,0.99394,0.94951,0.99515,0.95677,0.99426,0.97221,0.99307,0.99683,0.99711,0.97537,0.98167,0.99334,0.99872,0.92838,0.97175,0.99618,0.94154,0.94363,0.96613,0.96953,0.98335,0.99621,0.9697,0.97261,1.0,0.99416,0.92511,0.9958,0.99731,0.92733,0.99612,0.99742,0.97859,0.99274,0.98323,0.9077,0.99755,0.95705,0.99741,0.9516,0.94785,0.99363,0.99279,0.99652,0.99645,0.90774,0.98008,0.99319,0.99446,0.95611,0.99733,0.99932
0.98782,0.96405,0.96411,0.98569,0.9921,0.93072,0.98773,0.98968,0.96038,0.9905,0.98843,0.97275,0.98531,0.98126,0.99031,0.99237,0.98427,0.98488,0.99114,0.96889,0.99214,0.99241,0.9862,0.98415,0.9855,0.98503,0.98658,0.98642,0.98512,0.95684,0.98723,0.97203,0.98567,0.97144,0.98842,0.98891,0.98917,0.98061,0.9868,0.98746,0.99144,0.94011,0.98307,0.99211,0.94513,0.94753,0.98057,0.97734,0.98637,0.98802,0.98124,0.97615,0.99416,1.0,0.93224,0.98712,0.99172,0.93819,0.98836,0.99131,0.98983,0.98499,0.98989,0.91293,0.99041,0.9662,0.99029,0.96372,0.95371,0.99034,0.99515,0.99125,0.98808,0.91389,0.98629,0.99371,0.98549,0.96495,0.99186,0.99353
0.90903,0.95307,0.98326,0.94595,0.90612,0.93036,0.90433,0.91344,0.98009,0.92297,0.90134,0.89835,0.89812,0.9418,0.93767,0.92014,0.96925,0.8974,0.92382,0.95312,0.934,0.94398,0.90068,0.89726,0.90516,0.89781,0.96457,0.89864,0.89777,0.98819,0.90697,0.94622,0.90434,0.92548,0.90016,0.90975,0.90699,0.9543,0.95864,0.92625,0.91462,0.96965,0.96061,0.92073,0.98827,0.99628,0.94403,0.97922,0.94387,0.90629,0.96787,0.97432,0.92511,0.93224,1.0,0.90593,0.9183,0.98478,0.90886,0.91774,0.94126,0.90508,0.96153,0.99386,0.91035,0.9728,0.90994,0.96101,0.99125,0.93109,0.94002,0.91794,0.90492,0.99313,0.95259,0.93628,0.90085,0.98865,0.92245,0.9238
0.99914,0.94088,0.95207,0.98465,0.99723,0.90122,0.99723,0.99883,0.92684,0.99497,0.99834,0.98761,0.99775,0.9524,0.97821,0.996,0.9638,0.99781,0.99465,0.93229,0.9935,0.98221,0.99806,0.99896,0.99866,0.9982,0.96785,0.9984,0.99776,0.93416,0.99902,0.93532,0.99816,0.96543,0.99823,0.99729,0.9978,0.96786,0.97336,0.99313,0.99837,0.91102,0.95391,0.99525,0.93061,0.92642,0.95122,0.9572,0.96866,0.99816,0.95185,0.96249,0.9958,0.98712,0.90593,1.0,0.99738,0.90883,0.99932,0.99815,0.96524,0.99743,0.97191,0.88373,0.99852,0.9359,0.99667,0.9357,0.93151,0.99274,0.98959,0.99673,0.99821,0.8907,0.96862,0.98611,0.99859,0.94239,0.9978,0.99646
0.99794,0.94372,0.95892,0.98839,0.99726,0.90607,0.99516,0.99703,0.93871,0.99488,0.99618,0.98519,0.99442,0.95714,0.98052,0.99657,0.97081,0.99427,0.99911,0.9463,0.99675,0.98757,0.99496,0.99537,0.99538,0.99453,0.97666,0.995,0.99421,0.94491,0.9975,0.94148,0.99485,0.96228,0.99587,0.99552,0.9967,0.97175,0.98179,0.99513,0.99864,0.92352,0.96202,0.99938,0.93887,0.93862,0.95907,0.96629,0.97704,0.99605,0.9633,0.96835,0.99731,0.99172,0.9183,0.99738,1.0,0.92098,0.99708,0.99983,0.97049,0.99629,0.98014,0.89873,0.99704,0.94444,0.99533,0.94802,0.94336,0.9976,0.99284,0.99982,0.99628,0.90346,0.97177,0.99171,0.99506,0.9505,0.99944,0.99835
0.91082,0.94092,0.9813,0.95344,0.91283,0.91659,0.90701,0.9146,0.98238,0.9208,0.90767,0.90399,0.90218,0.94743,0.94782,0.92087,0.97489,0.90102,0.92586,0.9755,0.93497,0.95649,0.90444,0.89855,0.90623,0.90007,0.97042,0.90429,0.90145,0.99613,0.90937,0.94935,0.90351,0.92171,0.90524,0.91132,0.90883,0.96683,0.96541,0.92697,0.91564,0.99597,0.95527,0.92435,0.99031,0.98721,0.96665,0.97121,0.95785,0.90811,0.9762,0.96073,0.92733,0.93819,0.98478,0.90883,0.92098,1.0,0.91053,0.91947,0.95583,0.90729,0.96279,0.98264,0.91107,0.9754,0.91248,0.98695,0.9952,0.93104,0.94155,0.92022,0.90721,0.98746,0.94801,0.94654,0.90222,0.98033,0.92238,0.92379
0.99953,0.94698,0.95283,0.98321,0.99639,0.90801,0.9986,0.99964,0.92972,0.99725,0.99796,0.98351,0.99874,0.95576,0.97843,0.99711,0.96558,0.99878,0.99379,0.93203,0.99286,0.98152,0.99905,0.99922,0.99957,0.99906,0.96736,0.99828,0.99871,0.93587,0.99951,0.93967,0.99916,0.96933,0.99776,0.99883,0.99884,0.96792,0.97227,0.99119,0.99863,0.91169,0.95647,0.99459,0.9318,0.92746,0.95173,0.95937,0.96867,0.99935,0.95287,0.96423,0.99612,0.98836,0.90886,0.99932,0.99708,0.91053,1.0,0.99797,0.96658,0.9955,0.97177,0.88733,0.99941,0.94037,0.99826,0.93497,0.93272,0.99218,0.99042,0.99617,0.9992,0.89346,0.97188,0.98518,0.99952,0.94487,0.99784,0.99697
0.99874,0.94443,0.95916,0.98834,0.99733,0.90597,0.99581,0.99776,0.93698,0.99565,0.99674,0.98622,0.99527,0.95684,0.98078,0.99706,0.97024,0.99519,0.99859,0.94339,0.99651,0.98669,0.99582,0.99646,0.99666,0.99554,0.97555,0.99582,0.99513,0.94354,0.99833,0.94118,0.996,0.96438,0.99669,0.99627,0.99729,0.97191,0.98048,0.99538,0.999,0.92141,0.96112,0.99888,0.93882,0.93765,0.95751,0.96602,0.97529,0.99685,0.96128,0.96899,0.99742,0.99131,0.91774,0.99815,0.99983,0.91947,0.99797,1.0,0.96946,0.99705,0.97914,0.89731,0.9978,0.94361,0.99591,0.94556,0.94199,0.99716,0.99278,0.9996,0.99691,0.90254,0.97233,0.99067,0.99619,0.95072,0.99964,0.99852
0.96391,0.97094,0.96465,0.97614,0.97324,0.94718,0.96624,0.97021,0.9773,0.972,0.96721,0.95139,0.96234,0.98887,0.99084,0.97419,0.98989,0.9615,0.97101,0.98341,0.97743,0.98913,0.96368,0.95893,0.96207,0.9613,0.98705,0.96406,0.96206,0.96783,0.96311,0.98615,0.96346,0.96989,0.96616,0.96839,0.96721,0.9833,0.98255,0.96852,0.97065,0.95922,0.98694,0.97265,0.95045,0.95368,0.99378,0.97794,0.98904,0.96581,0.99037,0.9723,0.97859,0.98983,0.94126,0.96524,0.97049,0.95583,0.96658,0.96946,1.0,0.96149,0.98775,0.92696,0.96996,0.98084,0.97168,0.9772,0.96358,0.97184,0.98436,0.9698,0.96655,0.92718,0.98706,0.98474,0.96235,0.96912,0.97121,0.97509
0.99642,0.93057,0.95461,0.98799,0.99652,0.88681,0.99077,0.99502,0.92193,0.98931,0.99542,0.99371,0.99168,0.94636,0.97974,0.99166,0.96137,0.992,0.99546,0.93355,0.99412,0.98364,0.99221,0.99536,0.99442,0.99299,0.97008,0.99492,0.99172,0.93232,0.99588,0.92909,0.99388,0.95936,0.99668,0.99107,0.99284,0.9703,0.97679,0.9966,0.99532,0.91049,0.95124,0.99545,0.93218,0.92739,0.95043,0.95781,0.96691,0.99274,0.951,0.96375,0.99274,0.98499,0.90508,0.99743,0.99629,0.90729,0.9955,0.99705,0.96149,1.0,0.97434,0.87922,0.99441,0.92833,0.99047,0.937,0.93116,0.9938,0.98883,0.99654,0.99272,0.8889,0.96555,0.98669,0.99389,0.94299,0.99652,0.99388
0.97181,0.96321,0.98316,0.98975,0.9781,0.9352,0.96778,0.97482,0.97753,0.97574,0.97144,0.96766,0.96423,0.97981,0.99017,0.97824,0.99156,0.96373,0.98339,0.98251,0.98777,0.9942,0.96597,0.96483,0.96738,0.96435,0.99671,0.96771,0.96392,0.97666,0.97041,0.97372,0.96789,0.96425,0.97143,0.97044,0.97097,0.98892,0.99536,0.98485,0.97709,0.96107,0.99066,0.98268,0.9691,0.97414,0.98516,0.99031,0.98814,0.9693,0.99371,0.98843,0.98323,0.98989,0.96153,0.97191,0.98014,0.96279,0.97177,0.97914,0.98775,0.97434,1.0,0.94234,0.97379,0.97548,0.97214,0.97885,0.97632,0.98476,0.99083,0.98038,0.96919,0.9439,0.98708,0.99153,0.96617,0.98327,0.98091,0.98253
