{
 "cells": [
  {
   "cell_type": "markdown",
   "metadata": {},
   "source": [
    "### Step 1: Import necessary libraries"
   ]
  },
  {
   "cell_type": "code",
   "execution_count": 2,
   "metadata": {},
   "outputs": [
    {
     "name": "stderr",
     "output_type": "stream",
     "text": [
      "2024-06-19 15:40:05.333584: I tensorflow/core/util/port.cc:113] oneDNN custom operations are on. You may see slightly different numerical results due to floating-point round-off errors from different computation orders. To turn them off, set the environment variable `TF_ENABLE_ONEDNN_OPTS=0`.\n",
      "2024-06-19 15:40:05.370409: I tensorflow/core/platform/cpu_feature_guard.cc:210] This TensorFlow binary is optimized to use available CPU instructions in performance-critical operations.\n",
      "To enable the following instructions: AVX2 AVX_VNNI FMA, in other operations, rebuild TensorFlow with the appropriate compiler flags.\n",
      "2024-06-19 15:40:05.973586: W tensorflow/compiler/tf2tensorrt/utils/py_utils.cc:38] TF-TRT Warning: Could not find TensorRT\n"
     ]
    }
   ],
   "source": [
    "import os\n",
    "import numpy as np\n",
    "import librosa\n",
    "import tensorflow as tf\n",
    "from sklearn.metrics.pairwise import cosine_similarity\n",
    "from sklearn.preprocessing import MultiLabelBinarizer\n",
    "import plotly.express as px\n",
    "import pandas as pd\n",
    "from plotly.subplots import make_subplots\n",
    "import plotly.graph_objects as go\n",
    "import json"
   ]
  },
  {
   "cell_type": "markdown",
   "metadata": {},
   "source": [
    "### Step 2: Download model and define paths"
   ]
  },
  {
   "cell_type": "markdown",
   "metadata": {},
   "source": [
    "Download the model and move to 'model' directory. (skip this step if model is already downloaded)"
   ]
  },
  {
   "cell_type": "code",
   "execution_count": 72,
   "metadata": {},
   "outputs": [
    {
     "name": "stdout",
     "output_type": "stream",
     "text": [
      "/home/rohitsangubotla/Documents/Projects/Music_Similarity/model\n",
      "  % Total    % Received % Xferd  Average Speed   Time    Time     Time  Current\n",
      "                                 Dload  Upload   Total   Spent    Left  Speed\n",
      "  0     0    0     0    0     0      0      0 --:--:-- --:--:-- --:--:--     0"
     ]
    },
    {
     "name": "stderr",
     "output_type": "stream",
     "text": [
      "/home/rohitsangubotla/Documents/Projects/Music_Similarity/.venv/lib/python3.10/site-packages/IPython/core/magics/osm.py:417: UserWarning:\n",
      "\n",
      "This is now an optional IPython functionality, setting dhist requires you to install the `pickleshare` library.\n",
      "\n"
     ]
    },
    {
     "name": "stdout",
     "output_type": "stream",
     "text": [
      "100  3101  100  3101    0     0   2743      0  0:00:01  0:00:01 --:--:--  2744\n",
      "  % Total    % Received % Xferd  Average Speed   Time    Time     Time  Current\n",
      "                                 Dload  Upload   Total   Spent    Left  Speed\n",
      "100 3166k  100 3166k    0     0   137k      0  0:00:22  0:00:22 --:--:--  168k\n"
     ]
    }
   ],
   "source": [
    "!curl -SLO https://essentia.upf.edu/models/classifiers/genre_tzanetakis/genre_tzanetakis-musicnn-msd-1.json\n",
    "!curl -SLO https://essentia.upf.edu/models/classifiers/genre_tzanetakis/genre_tzanetakis-musicnn-msd-1.pb"
   ]
  },
  {
   "cell_type": "code",
   "execution_count": 3,
   "metadata": {},
   "outputs": [],
   "source": [
    "MUSICNN_SR = 16000\n",
    "MODEL_PATH = '../model/genre_tzanetakis-musicnn-msd-1.pb'\n",
    "DATASET_DIR = '../dataset/bass'"
   ]
  },
  {
   "cell_type": "code",
   "execution_count": 4,
   "metadata": {},
   "outputs": [
    {
     "name": "stdout",
     "output_type": "stream",
     "text": [
      "name: genre GTZAN\n",
      "type: multi-class classifier\n",
      "link: https://essentia.upf.edu/models/classifiers/genre_tzanetakis/genre_tzanetakis-musicnn-msd-1.pb\n",
      "version: 1\n",
      "description: classification of music by genre\n",
      "author: Pablo Alonso\n",
      "email: pablo.alonso@upf.edu\n",
      "release_date: 2020-03-31\n",
      "framework: tensorflow\n",
      "framework_version: 1.15.0\n",
      "classes: ['blu', 'cla', 'cou', 'dis', 'hip', 'jaz', 'met', 'pop', 'reg', 'roc']\n",
      "model_types: ['frozen_model']\n",
      "dataset: {'name': 'the GTZAN Genre Collection', 'citation': '@article{tzanetakis2002musical,\\n  title={Musical genre classification of audio signals},\\n  author={Tzanetakis, George and Cook, Perry},\\n  journal={IEEE Transactions on speech and audio processing},\\n  volume={10},\\n  number={5},\\n  pages={293--302},\\n  year={2002},\\n  publisher={IEEE}\\n}', 'size': '1000 track excerpts, 100 per genre', 'metrics': {'5-fold_cross_validation_normalized_accuracy': 0.83}}\n",
      "schema: {'inputs': [{'name': 'model/Placeholder', 'type': 'float', 'shape': [187, 96]}], 'outputs': [{'name': 'model/Sigmoid', 'type': 'float', 'shape': [1, 10], 'op': 'Sigmoid', 'output_purpose': 'predictions'}, {'name': 'model/dense_2/BiasAdd', 'type': 'float', 'shape': [1, 10], 'op': 'fully connected', 'description': 'logits', 'output_purpose': ''}, {'name': 'model/dense_1/BiasAdd', 'type': 'float', 'shape': [1, 100], 'op': 'fully connected', 'description': 'penultimate layer', 'output_purpose': ''}, {'name': 'model/dense/BiasAdd', 'type': 'float', 'shape': [1, 200], 'op': 'fully connected', 'output_purpose': 'embeddings'}]}\n",
      "citation: @inproceedings{alonso2020tensorflow,\n",
      "  title={Tensorflow Audio Models in Essentia},\n",
      "  author={Alonso-Jim{\\'e}nez, Pablo and Bogdanov, Dmitry and Pons, Jordi and Serra, Xavier},\n",
      "  booktitle={IEEE International Conference on Acoustics, Speech and Signal Processing (ICASSP)},\n",
      "  year={2020}\n",
      "}\n",
      "inference: {'sample_rate': 16000, 'algorithm': 'TensorflowPredictMusiCNN'}\n"
     ]
    }
   ],
   "source": [
    "MODEL_NAME = '../model/genre_tzanetakis-musicnn-msd-1'\n",
    "MODEL_JSON = f'{MODEL_NAME}.json'\n",
    "MODEL_PB = f'{MODEL_NAME}.pb'\n",
    "\n",
    "musicnn_metadata = json.load(open(MODEL_JSON, 'r'))\n",
    "for k, v in musicnn_metadata.items():\n",
    "    print('{}: {}'.format(k , v))"
   ]
  },
  {
   "cell_type": "markdown",
   "metadata": {},
   "source": [
    "We can observe the output of the penultimate dense layer is proposed as embeddings. \n",
    "We will use it to extract songs embeddings from our dataset."
   ]
  },
  {
   "cell_type": "markdown",
   "metadata": {},
   "source": [
    "### Step 3: Define genres for each song"
   ]
  },
  {
   "cell_type": "code",
   "execution_count": 5,
   "metadata": {},
   "outputs": [],
   "source": [
    "genres = [\n",
    "    ['Romantic', 'Melody'], # Allantha Doorala 0\n",
    "    ['Romantic', 'Melody'], # Pranavalaya 1\n",
    "    ['Romantic', 'Sad'], # Adiga Adiga 2\n",
    "    ['Romantic', 'Upbeat'], # Guruvaram 3\n",
    "    ['Romantic', 'Folk'],   # Ghal Ghal 4\n",
    "    ['Romantic', 'Melody'], # Ninnila 5\n",
    "    ['Mass', 'Inspirational'], # Hukum 6\n",
    "    ['Melody'], # Chinnari Thalli 7\n",
    "    ['Romantic', 'Melody'], # O Cheliya 8\n",
    "    ['Folk', 'Dance'],      # Naatu Naatu 9 \n",
    "    ['Folk', 'Dance'],      # Kurchi Madathapetti 10\n",
    "    ['Romantic', 'Upbeat'], # Urike Urike 11\n",
    "    ['Inspirational', 'Mass'], # Saahore Baahubali 12\n",
    "    ['Romantic', 'Melody'], # Nenani Neevani 13\n",
    "    ['Romantic', 'Melody'], # Manasavacha 14\n",
    "    ['Romantic', 'Melody'],       # Ammaadi 15\n",
    "    ['Romantic', 'Melody'], # Dheera Dheera 16\n",
    "    ['Melody'], # Pedave Palikina 17 \n",
    "    ['Romantic', 'Sad'],   # Oosupodu 18\n",
    "    ['Romantic', 'Melody'] # Sirivennela 19\n",
    "]"
   ]
  },
  {
   "cell_type": "markdown",
   "metadata": {},
   "source": [
    "### Step 4: Encode genres"
   ]
  },
  {
   "cell_type": "code",
   "execution_count": 6,
   "metadata": {},
   "outputs": [],
   "source": [
    "mlb = MultiLabelBinarizer()\n",
    "genre_labels = mlb.fit_transform(genres)"
   ]
  },
  {
   "cell_type": "markdown",
   "metadata": {},
   "source": [
    "### Step 5: Functions for loading and processing audio"
   ]
  },
  {
   "cell_type": "code",
   "execution_count": 7,
   "metadata": {},
   "outputs": [],
   "source": [
    "def load_model(pb_file_path):\n",
    "    with tf.io.gfile.GFile(pb_file_path, \"rb\") as f:\n",
    "        graph_def = tf.compat.v1.GraphDef()\n",
    "        graph_def.ParseFromString(f.read())\n",
    "    with tf.compat.v1.Graph().as_default() as graph:\n",
    "        tf.import_graph_def(graph_def, name=\"\")\n",
    "    return graph\n",
    "\n",
    "def preprocess_audio(file_path, sample_rate=MUSICNN_SR):\n",
    "    y, sr = librosa.load(file_path, sr=sample_rate)\n",
    "    mel_spec = librosa.feature.melspectrogram(y=y, sr=sr, n_mels=96, n_fft=2048, hop_length=512)\n",
    "    log_mel_spec = librosa.power_to_db(mel_spec, ref=np.max)\n",
    "    if log_mel_spec.shape[1] > 187:\n",
    "        log_mel_spec = log_mel_spec[:, :187]\n",
    "    else:\n",
    "        pad_width = 187 - log_mel_spec.shape[1]\n",
    "        log_mel_spec = np.pad(log_mel_spec, ((0, 0), (0, pad_width)), mode='constant')\n",
    "    return log_mel_spec.T[np.newaxis, :, :]\n",
    "\n",
    "def run_model(graph, input_data):\n",
    "    input_tensor = graph.get_tensor_by_name('model/Placeholder:0')\n",
    "    output_tensor = graph.get_tensor_by_name('model/dense/BiasAdd:0')\n",
    "    with tf.compat.v1.Session(graph=graph) as sess:\n",
    "        embeddings = sess.run(output_tensor, feed_dict={input_tensor: input_data})\n",
    "    return embeddings\n",
    "\n",
    "def extract_mean_embedding(filename):\n",
    "    audio_data = preprocess_audio(filename)\n",
    "    graph = load_model(MODEL_PATH)\n",
    "    embeddings = run_model(graph, audio_data)\n",
    "    return embeddings\n",
    "\n",
    "def process_dataset(dataset_dir):\n",
    "    embeddings = []\n",
    "    for root, dirs, files in os.walk(dataset_dir):\n",
    "        for file in files:\n",
    "            if file.endswith('.wav'):\n",
    "                file_path = os.path.join(root, file)\n",
    "                mean_embedding = extract_mean_embedding(file_path)\n",
    "                embeddings.append((file_path, mean_embedding))\n",
    "    return embeddings"
   ]
  },
  {
   "cell_type": "markdown",
   "metadata": {},
   "source": [
    "### Step 6: Process dataset and extract embeddings"
   ]
  },
  {
   "cell_type": "code",
   "execution_count": 8,
   "metadata": {},
   "outputs": [
    {
     "name": "stderr",
     "output_type": "stream",
     "text": [
      "2024-06-19 15:40:18.385758: I external/local_xla/xla/stream_executor/cuda/cuda_executor.cc:998] successful NUMA node read from SysFS had negative value (-1), but there must be at least one NUMA node, so returning NUMA node zero. See more at https://github.com/torvalds/linux/blob/v6.0/Documentation/ABI/testing/sysfs-bus-pci#L344-L355\n",
      "2024-06-19 15:40:18.435141: W tensorflow/core/common_runtime/gpu/gpu_device.cc:2251] Cannot dlopen some GPU libraries. Please make sure the missing libraries mentioned above are installed properly if you would like to use GPU. Follow the guide at https://www.tensorflow.org/install/gpu for how to download and setup the required libraries for your platform.\n",
      "Skipping registering GPU devices...\n",
      "2024-06-19 15:40:18.440182: I tensorflow/compiler/mlir/mlir_graph_optimization_pass.cc:388] MLIR V1 optimization pass is not enabled\n"
     ]
    },
    {
     "name": "stdout",
     "output_type": "stream",
     "text": [
      "File path: ../dataset/bass/O Cheliya_bass.wav\n",
      "File path: ../dataset/bass/Adiga Adiga_bass.wav\n",
      "File path: ../dataset/bass/Pedave Palikina_bass.wav\n",
      "File path: ../dataset/bass/Sirivennela_bass.wav\n",
      "File path: ../dataset/bass/Ninnila_bass.wav\n",
      "File path: ../dataset/bass/Ammaadi_bass.wav\n",
      "File path: ../dataset/bass/Chinnari Thalli_bass.wav\n",
      "File path: ../dataset/bass/Dheera Dheera Dheera_bass.wav\n",
      "File path: ../dataset/bass/Kurchi Madathapetti_bass.wav\n",
      "File path: ../dataset/bass/Oosupodu_bass.wav\n",
      "File path: ../dataset/bass/Pranavalaya_bass.wav\n",
      "File path: ../dataset/bass/Saahore Baahubali_bass.wav\n",
      "File path: ../dataset/bass/Allantha Doorala_bass.wav\n",
      "File path: ../dataset/bass/Manasavacha_bass.wav\n",
      "File path: ../dataset/bass/Urike Urike_bass.wav\n",
      "File path: ../dataset/bass/Ghal Ghal Ghal Ghal_bass.wav\n",
      "File path: ../dataset/bass/Hukum_bass.wav\n",
      "File path: ../dataset/bass/Nattu Nattu_bass.wav\n",
      "File path: ../dataset/bass/Guruvaram_bass.wav\n",
      "File path: ../dataset/bass/Nenani Neevani_bass.wav\n"
     ]
    }
   ],
   "source": [
    "file_embeddings = process_dataset(DATASET_DIR)\n",
    "embeddings = []\n",
    "for file_path, embedding in file_embeddings:\n",
    "    print(f'File path: {file_path}')\n",
    "    embeddings.append(embedding)\n",
    "\n",
    "embeddings = np.array(embeddings)\n",
    "embeddings_matrix = np.vstack([emb for emb in embeddings])  # to convert list of tuples to a numpy matrix\n",
    "similarities = cosine_similarity(embeddings_matrix)"
   ]
  },
  {
   "cell_type": "code",
   "execution_count": 9,
   "metadata": {},
   "outputs": [
    {
     "name": "stdout",
     "output_type": "stream",
     "text": [
      "(20, 20)\n",
      "Min value: 0.5831870436668396\n",
      "Max value: 1.0000001192092896\n"
     ]
    },
    {
     "data": {
      "application/vnd.plotly.v1+json": {
       "config": {
        "plotlyServerURL": "https://plot.ly"
       },
       "data": [
        {
         "coloraxis": "coloraxis",
         "hovertemplate": "x: %{x}<br>y: %{y}<br>color: %{z}<extra></extra>",
         "name": "0",
         "type": "heatmap",
         "xaxis": "x",
         "yaxis": "y",
         "z": [
          [
           1,
           0.592936098575592,
           0.9994966387748718,
           0.8293775916099548,
           0.9997164607048035,
           0.6487612724304199,
           0.9959343075752258,
           0.9945579767227173,
           0.9996408820152283,
           0.9970806241035461,
           0.9999321103096008,
           0.9970124363899231,
           0.9997256994247437,
           0.9947446584701538,
           0.9991546273231506,
           0.941268265247345,
           0.6861563324928284,
           0.9995853304862976,
           0.999646782875061,
           0.9997360110282898
          ],
          [
           0.592936098575592,
           1.0000001192092896,
           0.5831870436668396,
           0.9149465560913086,
           0.584588885307312,
           0.994164228439331,
           0.586703896522522,
           0.588245153427124,
           0.5972263216972351,
           0.6010127663612366,
           0.5911542773246765,
           0.5881673693656921,
           0.5848871469497681,
           0.5986775755882263,
           0.6032564043998718,
           0.7865020036697388,
           0.9853596091270447,
           0.5939007997512817,
           0.5838583111763,
           0.5892120003700256
          ],
          [
           0.9994966387748718,
           0.5831870436668396,
           1,
           0.8207289576530457,
           0.9999279975891113,
           0.6398192048072815,
           0.9964444637298584,
           0.99482262134552,
           0.9989611506462097,
           0.9965085983276367,
           0.9996399283409119,
           0.9968748688697815,
           0.9998379349708557,
           0.9945374727249146,
           0.998526930809021,
           0.9364972114562988,
           0.6783413887023926,
           0.9993820786476135,
           0.999954104423523,
           0.9997051358222961
          ],
          [
           0.8293775916099548,
           0.9149465560913086,
           0.8207289576530457,
           1,
           0.8221040964126587,
           0.9455317258834839,
           0.8255563974380493,
           0.8286219835281372,
           0.8354402184486389,
           0.8382343649864197,
           0.827472448348999,
           0.8263386487960815,
           0.8223075866699219,
           0.8377222418785095,
           0.840374231338501,
           0.9527714252471924,
           0.9489157199859619,
           0.8310608863830566,
           0.8211660981178284,
           0.8279412388801575
          ],
          [
           0.9997164607048035,
           0.584588885307312,
           0.9999279975891113,
           0.8221040964126587,
           0.9999998211860657,
           0.6409056186676025,
           0.9960963129997253,
           0.9945901036262512,
           0.9991855025291443,
           0.9966155290603638,
           0.9997621774673462,
           0.9967238903045654,
           0.9998795986175537,
           0.9944345355033875,
           0.99863201379776,
           0.936898946762085,
           0.6789926290512085,
           0.9995425343513489,
           0.9999924302101135,
           0.9997791647911072
          ],
          [
           0.6487612724304199,
           0.994164228439331,
           0.6398192048072815,
           0.9455317258834839,
           0.6409056186676025,
           0.9999998211860657,
           0.6449512243270874,
           0.6468455195426941,
           0.6538593173027039,
           0.6581037044525146,
           0.6470995545387268,
           0.6455397605895996,
           0.6412031054496765,
           0.6571370363235474,
           0.6602491736412048,
           0.8352572917938232,
           0.9942184090614319,
           0.6503526568412781,
           0.6401685476303101,
           0.6460259556770325
          ],
          [
           0.9959343075752258,
           0.586703896522522,
           0.9964444637298584,
           0.8255563974380493,
           0.9960963129997253,
           0.6449512243270874,
           0.9999998807907104,
           0.9991613626480103,
           0.9965298771858215,
           0.9987100958824158,
           0.9964945912361145,
           0.9993141889572144,
           0.9969896674156189,
           0.9987727999687195,
           0.9974513053894043,
           0.9452658891677856,
           0.6874072551727295,
           0.9971356987953186,
           0.9961447715759277,
           0.9968570470809937
          ],
          [
           0.9945579767227173,
           0.588245153427124,
           0.99482262134552,
           0.8286219835281372,
           0.9945901036262512,
           0.6468455195426941,
           0.9991613626480103,
           0.9999997615814209,
           0.9957408905029297,
           0.9991932511329651,
           0.9950035214424133,
           0.9979634284973145,
           0.9954097867012024,
           0.9997495412826538,
           0.9968883395195007,
           0.9452775716781616,
           0.6878207325935364,
           0.9962130784988403,
           0.9945642352104187,
           0.9958769083023071
          ],
          [
           0.9996408820152283,
           0.5972263216972351,
           0.9989611506462097,
           0.8354402184486389,
           0.9991855025291443,
           0.6538593173027039,
           0.9965298771858215,
           0.9957408905029297,
           0.9999999403953552,
           0.9980287551879883,
           0.999517023563385,
           0.9972360134124756,
           0.9992010593414307,
           0.9962066411972046,
           0.999713122844696,
           0.9450995922088623,
           0.6905062794685364,
           0.9995409846305847,
           0.9990699887275696,
           0.9996264576911926
          ],
          [
           0.9970806241035461,
           0.6010127663612366,
           0.9965085983276367,
           0.8382343649864197,
           0.9966155290603638,
           0.6581037044525146,
           0.9987100958824158,
           0.9991932511329651,
           0.9980287551879883,
           0.9999998211860657,
           0.9972159266471863,
           0.9983816742897034,
           0.9972385168075562,
           0.999435544013977,
           0.9987684488296509,
           0.9498067498207092,
           0.6969560384750366,
           0.9981691837310791,
           0.9965105056762695,
           0.9977023005485535
          ],
          [
           0.9999321103096008,
           0.5911542773246765,
           0.9996399283409119,
           0.827472448348999,
           0.9997621774673462,
           0.6470995545387268,
           0.9964945912361145,
           0.9950035214424133,
           0.999517023563385,
           0.9972159266471863,
           0.9999999403953552,
           0.9974795579910278,
           0.9998626112937927,
           0.9950022101402283,
           0.9991027116775513,
           0.9408330917358398,
           0.6852409243583679,
           0.999549388885498,
           0.9997244477272034,
           0.9997491836547852
          ],
          [
           0.9970124363899231,
           0.5881673693656921,
           0.9968748688697815,
           0.8263386487960815,
           0.9967238903045654,
           0.6455397605895996,
           0.9993141889572144,
           0.9979634284973145,
           0.9972360134124756,
           0.9983816742897034,
           0.9974795579910278,
           1.0000001192092896,
           0.9976963996887207,
           0.9977696537971497,
           0.997751772403717,
           0.9450597167015076,
           0.6877375245094299,
           0.9975811839103699,
           0.9967378377914429,
           0.9973129630088806
          ],
          [
           0.9997256994247437,
           0.5848871469497681,
           0.9998379349708557,
           0.8223075866699219,
           0.9998795986175537,
           0.6412031054496765,
           0.9969896674156189,
           0.9954097867012024,
           0.9992010593414307,
           0.9972385168075562,
           0.9998626112937927,
           0.9976963996887207,
           0.9999998807907104,
           0.9951816201210022,
           0.9988163709640503,
           0.9384125471115112,
           0.6801919937133789,
           0.9995906949043274,
           0.9998813271522522,
           0.9997390508651733
          ],
          [
           0.9947446584701538,
           0.5986775755882263,
           0.9945374727249146,
           0.8377222418785095,
           0.9944345355033875,
           0.6571370363235474,
           0.9987727999687195,
           0.9997495412826538,
           0.9962066411972046,
           0.999435544013977,
           0.9950022101402283,
           0.9977696537971497,
           0.9951816201210022,
           1.0000001192092896,
           0.9973919987678528,
           0.9500790238380432,
           0.6968081593513489,
           0.9963874816894531,
           0.9943504929542542,
           0.995926022529602
          ],
          [
           0.9991546273231506,
           0.6032564043998718,
           0.998526930809021,
           0.840374231338501,
           0.99863201379776,
           0.6602491736412048,
           0.9974513053894043,
           0.9968883395195007,
           0.999713122844696,
           0.9987684488296509,
           0.9991027116775513,
           0.997751772403717,
           0.9988163709640503,
           0.9973919987678528,
           1,
           0.9492542743682861,
           0.6971672177314758,
           0.9993760585784912,
           0.9985204339027405,
           0.9993481636047363
          ],
          [
           0.941268265247345,
           0.7865020036697388,
           0.9364972114562988,
           0.9527714252471924,
           0.936898946762085,
           0.8352572917938232,
           0.9452658891677856,
           0.9452775716781616,
           0.9450995922088623,
           0.9498067498207092,
           0.9408330917358398,
           0.9450597167015076,
           0.9384125471115112,
           0.9500790238380432,
           0.9492542743682861,
           1,
           0.8628738522529602,
           0.942832350730896,
           0.9364161491394043,
           0.9406575560569763
          ],
          [
           0.6861563324928284,
           0.9853596091270447,
           0.6783413887023926,
           0.9489157199859619,
           0.6789926290512085,
           0.9942184090614319,
           0.6874072551727295,
           0.6878207325935364,
           0.6905062794685364,
           0.6969560384750366,
           0.6852409243583679,
           0.6877375245094299,
           0.6801919937133789,
           0.6968081593513489,
           0.6971672177314758,
           0.8628738522529602,
           1,
           0.6880881786346436,
           0.6784653067588806,
           0.6836563348770142
          ],
          [
           0.9995853304862976,
           0.5939007997512817,
           0.9993820786476135,
           0.8310608863830566,
           0.9995425343513489,
           0.6503526568412781,
           0.9971356987953186,
           0.9962130784988403,
           0.9995409846305847,
           0.9981691837310791,
           0.999549388885498,
           0.9975811839103699,
           0.9995906949043274,
           0.9963874816894531,
           0.9993760585784912,
           0.942832350730896,
           0.6880881786346436,
           1.0000001192092896,
           0.9994739294052124,
           0.9997521638870239
          ],
          [
           0.999646782875061,
           0.5838583111763,
           0.999954104423523,
           0.8211660981178284,
           0.9999924302101135,
           0.6401685476303101,
           0.9961447715759277,
           0.9945642352104187,
           0.9990699887275696,
           0.9965105056762695,
           0.9997244477272034,
           0.9967378377914429,
           0.9998813271522522,
           0.9943504929542542,
           0.9985204339027405,
           0.9364161491394043,
           0.6784653067588806,
           0.9994739294052124,
           0.9999997615814209,
           0.9997327923774719
          ],
          [
           0.9997360110282898,
           0.5892120003700256,
           0.9997051358222961,
           0.8279412388801575,
           0.9997791647911072,
           0.6460259556770325,
           0.9968570470809937,
           0.9958769083023071,
           0.9996264576911926,
           0.9977023005485535,
           0.9997491836547852,
           0.9973129630088806,
           0.9997390508651733,
           0.995926022529602,
           0.9993481636047363,
           0.9406575560569763,
           0.6836563348770142,
           0.9997521638870239,
           0.9997327923774719,
           0.9999997019767761
          ]
         ]
        }
       ],
       "layout": {
        "coloraxis": {
         "colorscale": [
          [
           0,
           "rgb(165,0,38)"
          ],
          [
           0.1,
           "rgb(215,48,39)"
          ],
          [
           0.2,
           "rgb(244,109,67)"
          ],
          [
           0.3,
           "rgb(253,174,97)"
          ],
          [
           0.4,
           "rgb(254,224,139)"
          ],
          [
           0.5,
           "rgb(255,255,191)"
          ],
          [
           0.6,
           "rgb(217,239,139)"
          ],
          [
           0.7,
           "rgb(166,217,106)"
          ],
          [
           0.8,
           "rgb(102,189,99)"
          ],
          [
           0.9,
           "rgb(26,152,80)"
          ],
          [
           1,
           "rgb(0,104,55)"
          ]
         ]
        },
        "margin": {
         "t": 60
        },
        "template": {
         "data": {
          "bar": [
           {
            "error_x": {
             "color": "#2a3f5f"
            },
            "error_y": {
             "color": "#2a3f5f"
            },
            "marker": {
             "line": {
              "color": "#E5ECF6",
              "width": 0.5
             },
             "pattern": {
              "fillmode": "overlay",
              "size": 10,
              "solidity": 0.2
             }
            },
            "type": "bar"
           }
          ],
          "barpolar": [
           {
            "marker": {
             "line": {
              "color": "#E5ECF6",
              "width": 0.5
             },
             "pattern": {
              "fillmode": "overlay",
              "size": 10,
              "solidity": 0.2
             }
            },
            "type": "barpolar"
           }
          ],
          "carpet": [
           {
            "aaxis": {
             "endlinecolor": "#2a3f5f",
             "gridcolor": "white",
             "linecolor": "white",
             "minorgridcolor": "white",
             "startlinecolor": "#2a3f5f"
            },
            "baxis": {
             "endlinecolor": "#2a3f5f",
             "gridcolor": "white",
             "linecolor": "white",
             "minorgridcolor": "white",
             "startlinecolor": "#2a3f5f"
            },
            "type": "carpet"
           }
          ],
          "choropleth": [
           {
            "colorbar": {
             "outlinewidth": 0,
             "ticks": ""
            },
            "type": "choropleth"
           }
          ],
          "contour": [
           {
            "colorbar": {
             "outlinewidth": 0,
             "ticks": ""
            },
            "colorscale": [
             [
              0,
              "#0d0887"
             ],
             [
              0.1111111111111111,
              "#46039f"
             ],
             [
              0.2222222222222222,
              "#7201a8"
             ],
             [
              0.3333333333333333,
              "#9c179e"
             ],
             [
              0.4444444444444444,
              "#bd3786"
             ],
             [
              0.5555555555555556,
              "#d8576b"
             ],
             [
              0.6666666666666666,
              "#ed7953"
             ],
             [
              0.7777777777777778,
              "#fb9f3a"
             ],
             [
              0.8888888888888888,
              "#fdca26"
             ],
             [
              1,
              "#f0f921"
             ]
            ],
            "type": "contour"
           }
          ],
          "contourcarpet": [
           {
            "colorbar": {
             "outlinewidth": 0,
             "ticks": ""
            },
            "type": "contourcarpet"
           }
          ],
          "heatmap": [
           {
            "colorbar": {
             "outlinewidth": 0,
             "ticks": ""
            },
            "colorscale": [
             [
              0,
              "#0d0887"
             ],
             [
              0.1111111111111111,
              "#46039f"
             ],
             [
              0.2222222222222222,
              "#7201a8"
             ],
             [
              0.3333333333333333,
              "#9c179e"
             ],
             [
              0.4444444444444444,
              "#bd3786"
             ],
             [
              0.5555555555555556,
              "#d8576b"
             ],
             [
              0.6666666666666666,
              "#ed7953"
             ],
             [
              0.7777777777777778,
              "#fb9f3a"
             ],
             [
              0.8888888888888888,
              "#fdca26"
             ],
             [
              1,
              "#f0f921"
             ]
            ],
            "type": "heatmap"
           }
          ],
          "heatmapgl": [
           {
            "colorbar": {
             "outlinewidth": 0,
             "ticks": ""
            },
            "colorscale": [
             [
              0,
              "#0d0887"
             ],
             [
              0.1111111111111111,
              "#46039f"
             ],
             [
              0.2222222222222222,
              "#7201a8"
             ],
             [
              0.3333333333333333,
              "#9c179e"
             ],
             [
              0.4444444444444444,
              "#bd3786"
             ],
             [
              0.5555555555555556,
              "#d8576b"
             ],
             [
              0.6666666666666666,
              "#ed7953"
             ],
             [
              0.7777777777777778,
              "#fb9f3a"
             ],
             [
              0.8888888888888888,
              "#fdca26"
             ],
             [
              1,
              "#f0f921"
             ]
            ],
            "type": "heatmapgl"
           }
          ],
          "histogram": [
           {
            "marker": {
             "pattern": {
              "fillmode": "overlay",
              "size": 10,
              "solidity": 0.2
             }
            },
            "type": "histogram"
           }
          ],
          "histogram2d": [
           {
            "colorbar": {
             "outlinewidth": 0,
             "ticks": ""
            },
            "colorscale": [
             [
              0,
              "#0d0887"
             ],
             [
              0.1111111111111111,
              "#46039f"
             ],
             [
              0.2222222222222222,
              "#7201a8"
             ],
             [
              0.3333333333333333,
              "#9c179e"
             ],
             [
              0.4444444444444444,
              "#bd3786"
             ],
             [
              0.5555555555555556,
              "#d8576b"
             ],
             [
              0.6666666666666666,
              "#ed7953"
             ],
             [
              0.7777777777777778,
              "#fb9f3a"
             ],
             [
              0.8888888888888888,
              "#fdca26"
             ],
             [
              1,
              "#f0f921"
             ]
            ],
            "type": "histogram2d"
           }
          ],
          "histogram2dcontour": [
           {
            "colorbar": {
             "outlinewidth": 0,
             "ticks": ""
            },
            "colorscale": [
             [
              0,
              "#0d0887"
             ],
             [
              0.1111111111111111,
              "#46039f"
             ],
             [
              0.2222222222222222,
              "#7201a8"
             ],
             [
              0.3333333333333333,
              "#9c179e"
             ],
             [
              0.4444444444444444,
              "#bd3786"
             ],
             [
              0.5555555555555556,
              "#d8576b"
             ],
             [
              0.6666666666666666,
              "#ed7953"
             ],
             [
              0.7777777777777778,
              "#fb9f3a"
             ],
             [
              0.8888888888888888,
              "#fdca26"
             ],
             [
              1,
              "#f0f921"
             ]
            ],
            "type": "histogram2dcontour"
           }
          ],
          "mesh3d": [
           {
            "colorbar": {
             "outlinewidth": 0,
             "ticks": ""
            },
            "type": "mesh3d"
           }
          ],
          "parcoords": [
           {
            "line": {
             "colorbar": {
              "outlinewidth": 0,
              "ticks": ""
             }
            },
            "type": "parcoords"
           }
          ],
          "pie": [
           {
            "automargin": true,
            "type": "pie"
           }
          ],
          "scatter": [
           {
            "fillpattern": {
             "fillmode": "overlay",
             "size": 10,
             "solidity": 0.2
            },
            "type": "scatter"
           }
          ],
          "scatter3d": [
           {
            "line": {
             "colorbar": {
              "outlinewidth": 0,
              "ticks": ""
             }
            },
            "marker": {
             "colorbar": {
              "outlinewidth": 0,
              "ticks": ""
             }
            },
            "type": "scatter3d"
           }
          ],
          "scattercarpet": [
           {
            "marker": {
             "colorbar": {
              "outlinewidth": 0,
              "ticks": ""
             }
            },
            "type": "scattercarpet"
           }
          ],
          "scattergeo": [
           {
            "marker": {
             "colorbar": {
              "outlinewidth": 0,
              "ticks": ""
             }
            },
            "type": "scattergeo"
           }
          ],
          "scattergl": [
           {
            "marker": {
             "colorbar": {
              "outlinewidth": 0,
              "ticks": ""
             }
            },
            "type": "scattergl"
           }
          ],
          "scattermapbox": [
           {
            "marker": {
             "colorbar": {
              "outlinewidth": 0,
              "ticks": ""
             }
            },
            "type": "scattermapbox"
           }
          ],
          "scatterpolar": [
           {
            "marker": {
             "colorbar": {
              "outlinewidth": 0,
              "ticks": ""
             }
            },
            "type": "scatterpolar"
           }
          ],
          "scatterpolargl": [
           {
            "marker": {
             "colorbar": {
              "outlinewidth": 0,
              "ticks": ""
             }
            },
            "type": "scatterpolargl"
           }
          ],
          "scatterternary": [
           {
            "marker": {
             "colorbar": {
              "outlinewidth": 0,
              "ticks": ""
             }
            },
            "type": "scatterternary"
           }
          ],
          "surface": [
           {
            "colorbar": {
             "outlinewidth": 0,
             "ticks": ""
            },
            "colorscale": [
             [
              0,
              "#0d0887"
             ],
             [
              0.1111111111111111,
              "#46039f"
             ],
             [
              0.2222222222222222,
              "#7201a8"
             ],
             [
              0.3333333333333333,
              "#9c179e"
             ],
             [
              0.4444444444444444,
              "#bd3786"
             ],
             [
              0.5555555555555556,
              "#d8576b"
             ],
             [
              0.6666666666666666,
              "#ed7953"
             ],
             [
              0.7777777777777778,
              "#fb9f3a"
             ],
             [
              0.8888888888888888,
              "#fdca26"
             ],
             [
              1,
              "#f0f921"
             ]
            ],
            "type": "surface"
           }
          ],
          "table": [
           {
            "cells": {
             "fill": {
              "color": "#EBF0F8"
             },
             "line": {
              "color": "white"
             }
            },
            "header": {
             "fill": {
              "color": "#C8D4E3"
             },
             "line": {
              "color": "white"
             }
            },
            "type": "table"
           }
          ]
         },
         "layout": {
          "annotationdefaults": {
           "arrowcolor": "#2a3f5f",
           "arrowhead": 0,
