{
 "cells": [
  {
   "cell_type": "markdown",
   "metadata": {},
   "source": [
    "### Step 1: Import libraries"
   ]
  },
  {
   "cell_type": "code",
   "execution_count": 2,
   "metadata": {},
   "outputs": [
    {
     "name": "stderr",
     "output_type": "stream",
     "text": [
      "2024-06-21 01:22:10.131678: I tensorflow/core/util/port.cc:113] oneDNN custom operations are on. You may see slightly different numerical results due to floating-point round-off errors from different computation orders. To turn them off, set the environment variable `TF_ENABLE_ONEDNN_OPTS=0`.\n",
      "2024-06-21 01:22:10.180640: I tensorflow/core/platform/cpu_feature_guard.cc:210] This TensorFlow binary is optimized to use available CPU instructions in performance-critical operations.\n",
      "To enable the following instructions: AVX2 AVX_VNNI FMA, in other operations, rebuild TensorFlow with the appropriate compiler flags.\n",
      "2024-06-21 01:22:11.189706: W tensorflow/compiler/tf2tensorrt/utils/py_utils.cc:38] TF-TRT Warning: Could not find TensorRT\n"
     ]
    }
   ],
   "source": [
    "import os\n",
    "import numpy as np\n",
    "import librosa\n",
    "import tensorflow as tf\n",
    "from sklearn.metrics.pairwise import cosine_similarity\n",
    "import plotly.express as px\n",
    "import pandas as pd\n",
    "import json"
   ]
  },
  {
   "cell_type": "markdown",
   "metadata": {},
   "source": [
    "### Step 2: Download model and define paths"
   ]
  },
  {
   "cell_type": "markdown",
   "metadata": {},
   "source": [
    "Download the model and move to 'model' directory.\n",
    "This step is not necessary if the model has already been downloaded."
   ]
  },
  {
   "cell_type": "code",
   "execution_count": null,
   "metadata": {},
   "outputs": [
    {
     "name": "stdout",
     "output_type": "stream",
     "text": [
      "  % Total    % Received % Xferd  Average Speed   Time    Time     Time  Current\n",
      "                                 Dload  Upload   Total   Spent    Left  Speed\n",
      "  0     0    0     0    0     0      0      0 --:--:-- --:--:-- --:--:--     0^C\n",
      "  % Total    % Received % Xferd  Average Speed   Time    Time     Time  Current\n",
      "                                 Dload  Upload   Total   Spent    Left  Speed\n",
      " 39 3166k   39 1237k    0     0   106k      0  0:00:29  0:00:11  0:00:18  111k"
     ]
    }
   ],
   "source": [
    "!curl -SLO https://essentia.upf.edu/models/classifiers/genre_tzanetakis/genre_tzanetakis-musicnn-msd-1.json\n",
    "!curl -SLO https://essentia.upf.edu/models/classifiers/genre_tzanetakis/genre_tzanetakis-musicnn-msd-1.pb"
   ]
  },
  {
   "cell_type": "code",
   "execution_count": 3,
   "metadata": {},
   "outputs": [],
   "source": [
    "MUSICNN_SR = 16000\n",
    "DATASET_DIR = '../dataset/decades'"
   ]
  },
  {
   "cell_type": "code",
   "execution_count": 4,
   "metadata": {},
   "outputs": [
    {
     "name": "stdout",
     "output_type": "stream",
     "text": [
      "name: genre GTZAN\n",
      "type: multi-class classifier\n",
      "link: https://essentia.upf.edu/models/classifiers/genre_tzanetakis/genre_tzanetakis-musicnn-msd-1.pb\n",
      "version: 1\n",
      "description: classification of music by genre\n",
      "author: Pablo Alonso\n",
      "email: pablo.alonso@upf.edu\n",
      "release_date: 2020-03-31\n",
      "framework: tensorflow\n",
      "framework_version: 1.15.0\n",
      "classes: ['blu', 'cla', 'cou', 'dis', 'hip', 'jaz', 'met', 'pop', 'reg', 'roc']\n",
      "model_types: ['frozen_model']\n",
      "dataset: {'name': 'the GTZAN Genre Collection', 'citation': '@article{tzanetakis2002musical,\\n  title={Musical genre classification of audio signals},\\n  author={Tzanetakis, George and Cook, Perry},\\n  journal={IEEE Transactions on speech and audio processing},\\n  volume={10},\\n  number={5},\\n  pages={293--302},\\n  year={2002},\\n  publisher={IEEE}\\n}', 'size': '1000 track excerpts, 100 per genre', 'metrics': {'5-fold_cross_validation_normalized_accuracy': 0.83}}\n",
      "schema: {'inputs': [{'name': 'model/Placeholder', 'type': 'float', 'shape': [187, 96]}], 'outputs': [{'name': 'model/Sigmoid', 'type': 'float', 'shape': [1, 10], 'op': 'Sigmoid', 'output_purpose': 'predictions'}, {'name': 'model/dense_2/BiasAdd', 'type': 'float', 'shape': [1, 10], 'op': 'fully connected', 'description': 'logits', 'output_purpose': ''}, {'name': 'model/dense_1/BiasAdd', 'type': 'float', 'shape': [1, 100], 'op': 'fully connected', 'description': 'penultimate layer', 'output_purpose': ''}, {'name': 'model/dense/BiasAdd', 'type': 'float', 'shape': [1, 200], 'op': 'fully connected', 'output_purpose': 'embeddings'}]}\n",
      "citation: @inproceedings{alonso2020tensorflow,\n",
      "  title={Tensorflow Audio Models in Essentia},\n",
      "  author={Alonso-Jim{\\'e}nez, Pablo and Bogdanov, Dmitry and Pons, Jordi and Serra, Xavier},\n",
      "  booktitle={IEEE International Conference on Acoustics, Speech and Signal Processing (ICASSP)},\n",
      "  year={2020}\n",
      "}\n",
      "inference: {'sample_rate': 16000, 'algorithm': 'TensorflowPredictMusiCNN'}\n"
     ]
    }
   ],
   "source": [
    "MODEL_NAME = '../model/genre_tzanetakis-musicnn-msd-1'\n",
    "MODEL_JSON = f'{MODEL_NAME}.json'\n",
    "MODEL_PB = f'{MODEL_NAME}.pb'\n",
    "\n",
    "musicnn_metadata = json.load(open(MODEL_JSON, 'r'))\n",
    "for k, v in musicnn_metadata.items():\n",
    "    print('{}: {}'.format(k , v))"
   ]
  },
  {
   "cell_type": "markdown",
   "metadata": {},
   "source": [
    "We can observe the output of the penultimate dense layer is proposed as embeddings. \n",
    "We will use it to extract songs embeddings from our dataset."
   ]
  },
  {
   "cell_type": "markdown",
   "metadata": {},
   "source": [
    "### Step 3: Functions for loading and processing audio"
   ]
  },
  {
   "cell_type": "code",
   "execution_count": 5,
   "metadata": {},
   "outputs": [],
   "source": [
    "def load_model(pb_file_path):\n",
    "    with tf.io.gfile.GFile(pb_file_path, \"rb\") as f:\n",
    "        graph_def = tf.compat.v1.GraphDef()\n",
    "        graph_def.ParseFromString(f.read())\n",
    "    with tf.compat.v1.Graph().as_default() as graph:\n",
    "        tf.import_graph_def(graph_def, name=\"\")\n",
    "    return graph\n",
    "\n",
    "def preprocess_audio(file_path, sample_rate=MUSICNN_SR):\n",
    "    y, sr = librosa.load(file_path, sr=sample_rate)\n",
    "    mel_spec = librosa.feature.melspectrogram(y=y, sr=sr, n_mels=96, n_fft=2048, hop_length=512)\n",
    "    log_mel_spec = librosa.power_to_db(mel_spec, ref=np.max)\n",
    "    if log_mel_spec.shape[1] > 187:\n",
    "        log_mel_spec = log_mel_spec[:, :187]\n",
    "    else:\n",
    "        pad_width = 187 - log_mel_spec.shape[1]\n",
    "        log_mel_spec = np.pad(log_mel_spec, ((0, 0), (0, pad_width)), mode='constant')\n",
    "    return log_mel_spec.T[np.newaxis, :, :]\n",
    "\n",
    "def run_model(graph, input_data):\n",
    "    input_tensor = graph.get_tensor_by_name('model/Placeholder:0')\n",
    "    output_tensor = graph.get_tensor_by_name('model/dense/BiasAdd:0')\n",
    "    with tf.compat.v1.Session(graph=graph) as sess:\n",
    "        embeddings = sess.run(output_tensor, feed_dict={input_tensor: input_data})\n",
    "    return embeddings\n",
    "\n",
    "def extract_mean_embedding(filename):\n",
    "    audio_data = preprocess_audio(filename)\n",
    "    graph = load_model(MODEL_PB)\n",
    "    embeddings = run_model(graph, audio_data)\n",
    "    return embeddings\n",
    "\n",
    "def process_dataset(dataset_dir):\n",
    "    embeddings = []\n",
    "    for root, dirs, files in os.walk(dataset_dir):\n",
    "        for file in files:\n",
    "            if file.endswith('.mp3'):\n",
    "                file_path = os.path.join(root, file)\n",
    "                mean_embedding = extract_mean_embedding(file_path)\n",
    "                embeddings.append((file_path, mean_embedding))\n",
    "    return embeddings"
   ]
  },
  {
   "cell_type": "markdown",
   "metadata": {},
   "source": [
    "### Step 4: Process dataset and extract embeddings"
   ]
  },
  {
   "cell_type": "code",
   "execution_count": 6,
   "metadata": {},
   "outputs": [
    {
     "name": "stdout",
     "output_type": "stream",
     "text": [
      "2010s\n"
     ]
    },
    {
     "name": "stderr",
     "output_type": "stream",
     "text": [
      "2024-06-21 01:22:19.097296: I external/local_xla/xla/stream_executor/cuda/cuda_executor.cc:998] successful NUMA node read from SysFS had negative value (-1), but there must be at least one NUMA node, so returning NUMA node zero. See more at https://github.com/torvalds/linux/blob/v6.0/Documentation/ABI/testing/sysfs-bus-pci#L344-L355\n",
      "2024-06-21 01:22:19.161700: W tensorflow/core/common_runtime/gpu/gpu_device.cc:2251] Cannot dlopen some GPU libraries. Please make sure the missing libraries mentioned above are installed properly if you would like to use GPU. Follow the guide at https://www.tensorflow.org/install/gpu for how to download and setup the required libraries for your platform.\n",
      "Skipping registering GPU devices...\n",
      "2024-06-21 01:22:19.167468: I tensorflow/compiler/mlir/mlir_graph_optimization_pass.cc:388] MLIR V1 optimization pass is not enabled\n",
      "/tmp/ipykernel_1768362/1747046026.py:10: UserWarning: PySoundFile failed. Trying audioread instead.\n",
      "  y, sr = librosa.load(file_path, sr=sample_rate)\n",
      "/home/rohitsangubotla/Documents/Projects/Music_Similarity/.venv/lib/python3.10/site-packages/librosa/core/audio.py:184: FutureWarning: librosa.core.audio.__audioread_load\n",
      "\tDeprecated as of librosa version 0.10.0.\n",
      "\tIt will be removed in librosa version 1.0.\n",
      "  y, sr_native = __audioread_load(path, offset, duration, dtype)\n"
     ]
    },
    {
     "name": "stdout",
     "output_type": "stream",
     "text": [
      "1980s\n",
      "40\n"
     ]
    }
   ],
   "source": [
    "embeddings = []\n",
    "\n",
    "for folder in os.listdir(DATASET_DIR):\n",
    "    print(folder)\n",
    "    folder = os.path.join(DATASET_DIR,folder)\n",
    "    file_embeddings = process_dataset(folder)\n",
    "    for file_path, embedding in file_embeddings:\n",
    "        embeddings.append(embedding)\n",
    "\n",
    "print(len(embeddings))\n",
    "embeddings = np.array(embeddings)\n",
    "embeddings_matrix = np.vstack([emb for emb in embeddings]) \n",
    "similarities = cosine_similarity(embeddings_matrix)"
   ]
  },
  {
   "cell_type": "code",
   "execution_count": 7,
   "metadata": {},
   "outputs": [
    {
     "name": "stdout",
     "output_type": "stream",
     "text": [
      "(40, 40)\n",
      "Min value: 0.6236000061035156\n",
      "Max value: 1.0\n"
     ]
    },
    {
     "data": {
      "application/vnd.plotly.v1+json": {
       "config": {
        "plotlyServerURL": "https://plot.ly"
       },
       "data": [
        {
         "coloraxis": "coloraxis",
         "hovertemplate": "x: %{x}<br>y: %{y}<br>color: %{z}<extra></extra>",
         "name": "0",
         "type": "heatmap",
         "xaxis": "x",
         "yaxis": "y",
         "z": [
          [
           1,
           0.9643399715423584,
           0.9806299805641174,
           0.980430006980896,
           0.9810299873352051,
           0.9477300047874451,
           0.8503400087356567,
           0.9667800068855286,
           0.9933599829673767,
           0.9443699717521667,
           0.9751399755477905,
           0.9523699879646301,
           0.9521700143814087,
           0.942579984664917,
           0.9793599843978882,
           0.9691100120544434,
           0.9702600240707397,
           0.9708999991416931,
           0.9583500027656555,
           0.9759799838066101,
           0.9644799828529358,
           0.7672600150108337,
           0.9639899730682373,
           0.9947699904441833,
           0.9739699959754944,
           0.9908300042152405,
           0.7671800255775452,
           0.9554100036621094,
           0.9833899736404419,
           0.843500018119812,
           0.8280699849128723,
           0.9791799783706665,
           0.7666299939155579,
           0.9473400115966797,
           0.8576099872589111,
           0.9116500020027161,
           0.9729400277137756,
           0.9834499955177307,
           0.980400025844574,
           0.8824499845504761
          ],
          [
           0.9643399715423584,
           1,
           0.9728699922561646,
           0.980180025100708,
           0.9909999966621399,
           0.9214800000190735,
           0.8039000034332275,
           0.9434599876403809,
           0.9684699773788452,
           0.9280400276184082,
           0.9751999974250793,
           0.9406399726867676,
           0.9396700263023376,
           0.9505500197410583,
           0.9224299788475037,
           0.9851800203323364,
           0.9398400187492371,
           0.959119975566864,
           0.9386699795722961,
           0.9812099933624268,
           0.9557099938392639,
           0.711080014705658,
           0.9472699761390686,
           0.9821799993515015,
           0.9757500290870667,
           0.9522200226783752,
           0.710640013217926,
           0.9797899723052979,
           0.9686499834060669,
           0.7985799908638,
           0.7851099967956543,
           0.9782599806785583,
           0.706279993057251,
           0.9167199730873108,
           0.8072900176048279,
           0.8851400017738342,
           0.9682000279426575,
           0.9769499897956848,
           0.97843998670578,
           0.8470699787139893
          ],
          [
           0.9806299805641174,
           0.9728699922561646,
           1,
           0.995989978313446,
           0.9818699955940247,
           0.928600013256073,
           0.8423600196838379,
           0.9581400156021118,
           0.9888299703598022,
           0.9445099830627441,
           0.9720699787139893,
           0.9544900059700012,
           0.9574599862098694,
           0.948710024356842,
           0.9316499829292297,
           0.957539975643158,
           0.9719399809837341,
           0.9550600051879883,
           0.9569100141525269,
           0.9820600152015686,
           0.954010009765625,
           0.7579799890518188,
           0.9400500059127808,
           0.9823399782180786,
           0.9711300134658813,
           0.9669700264930725,
           0.7621399760246277,
           0.9847300052642822,
           0.9811099767684937,
           0.8292800188064575,
           0.8241400122642517,
           0.9602800011634827,
           0.7546200156211853,
           0.9301999807357788,
           0.8499699831008911,
           0.9065300226211548,
           0.9678599834442139,
           0.9624900221824646,
           0.9773200154304504,
           0.8769999742507935
          ],
          [
           0.980430006980896,
           0.980180025100708,
           0.995989978313446,
           1,
           0.9858400225639343,
           0.9464799761772156,
           0.8576099872589111,
           0.9684299826622009,
           0.9896600246429443,
           0.9599699974060059,
           0.9840599894523621,
           0.9682300090789795,
           0.968999981880188,
           0.9471099972724915,
           0.9330999851226807,
           0.9700999855995178,
           0.9785500168800354,
           0.966949999332428,
           0.9677000045776367,
           0.9824299812316895,
           0.9678999781608582,
           0.7779499888420105,
           0.9588199853897095,
           0.9835799932479858,
           0.9831699728965759,
           0.9706299901008606,
           0.7809799909591675,
           0.9829400181770325,
           0.9773399829864502,
           0.8482199907302856,
           0.8430600166320801,
           0.9722899794578552,
           0.7743600010871887,
           0.9469500184059143,
           0.8665300011634827,
           0.924560010433197,
           0.9809600114822388,
           0.973110020160675,
           0.9750300049781799,
           0.8933200240135193
          ],
          [
           0.9810299873352051,
           0.9909999966621399,
           0.9818699955940247,
           0.9858400225639343,
           1,
           0.9192699790000916,
           0.7949399948120117,
           0.944130003452301,
           0.9818300008773804,
           0.9229400157928467,
           0.9749699831008911,
           0.9361699819564819,
           0.9356399774551392,
           0.9663400053977966,
           0.9410600066184998,
           0.9832800030708313,
           0.9479600191116333,
           0.9527900218963623,
           0.935259997844696,
           0.9901099801063538,
           0.9480299949645996,
           0.6997699737548828,
           0.9492300152778625,
           0.992330014705658,
           0.9690700173377991,
           0.9600099921226501,
           0.7014999985694885,
           0.9845799803733826,
           0.9873600006103516,
           0.7868199944496155,
           0.776199996471405,
           0.9842100143432617,
           0.6982600092887878,
           0.9173099994659424,
           0.8037700057029724,
           0.8788800239562988,
           0.9643300175666809,
           0.9822700023651123,
           0.9899399876594543,
           0.8371099829673767
          ],
          [
           0.9477300047874451,
           0.9214800000190735,
           0.928600013256073,
           0.9464799761772156,
           0.9192699790000916,
           1,
           0.9452099800109863,
           0.9862200021743774,
           0.9527000188827515,
           0.9903799891471863,
           0.9754899740219116,
           0.9846600294113159,
           0.9781799912452698,
           0.855459988117218,
           0.9290599822998047,
           0.9472299814224243,
           0.9788900017738342,
           0.9844800233840942,
           0.9859600067138672,
           0.9035000205039978,
           0.9901000261306763,
           0.9093899726867676,
           0.9905499815940857,
           0.9370599985122681,
           0.9797800183296204,
           0.9706799983978271,
           0.9071999788284302,
           0.8832700252532959,
           0.8978099822998047,
           0.9555500149726868,
           0.946120023727417,
           0.9559400081634521,
           0.9094499945640564,
           0.9976999759674072,
           0.9621099829673767,
           0.9860399961471558,
           0.9827899932861328,
           0.9559900164604187,
           0.9050999879837036,
           0.9688199758529663
          ],
          [
           0.8503400087356567,
           0.8039000034332275,
           0.8423600196838379,
           0.8576099872589111,
           0.7949399948120117,
           0.9452099800109863,
           1,
           0.946619987487793,
           0.8673499822616577,
           0.9567800164222717,
           0.8934999704360962,
           0.951229989528656,
           0.9521099925041199,
           0.713379979133606,
           0.8275099992752075,
           0.8347600102424622,
           0.9277899861335754,
           0.9208300113677979,
           0.9545400142669678,
           0.7732399702072144,
           0.9341599941253662,
           0.9780799746513367,
           0.9004999995231628,
           0.8288800120353699,
           0.9038100242614746,
           0.8951699733734131,
           0.9767299890518188,
           0.7619100213050842,
           0.7785000205039978,
           0.9936299920082092,
           0.9835900068283081,
           0.8367699980735779,
           0.9749500155448914,
           0.952180027961731,
           0.9834799766540527,
           0.9756399989128113,
           0.9123499989509583,
           0.8319200277328491,
           0.7843999862670898,
           0.9929900169372559
          ],
          [
           0.9667800068855286,
           0.9434599876403809,
           0.9581400156021118,
           0.9684299826622009,
           0.944130003452301,
           0.9862200021743774,
           0.946619987487793,
           1,
           0.9748700261116028,
           0.9918199777603149,
           0.9874299764633179,
           0.9954299926757812,
           0.9943199753761292,
           0.8778899908065796,
           0.9359099864959717,
           0.9607300162315369,
           0.9902499914169312,
           0.9894899725914001,
           0.9966999888420105,
           0.9244999885559082,
           0.9934700131416321,
           0.8859500288963318,
           0.9794800281524658,
           0.9610000252723694,
           0.9873200058937073,
           0.9798200130462646,
           0.8853999972343445,
           0.9133999943733215,
           0.9277799725532532,
           0.9403499960899353,
           0.9297299981117249,
           0.9629700183868408,
           0.884190022945404,
           0.9887099862098694,
           0.9447600245475769,
           0.9799000024795532,
           0.9890099763870239,
           0.9592700004577637,
           0.9330899715423584,
           0.9664700031280518
          ],
          [
           0.9933599829673767,
           0.9684699773788452,
           0.9888299703598022,
           0.9896600246429443,
           0.9818300008773804,
           0.9527000188827515,
           0.8673499822616577,
           0.9748700261116028,
           1,
           0.958899974822998,
           0.9809100031852722,
           0.9667099714279175,
           0.9682199954986572,
           0.9487699866294861,
           0.9627199769020081,
           0.9652900099754333,
           0.9823600053787231,
           0.9705100059509277,
           0.9706100225448608,
           0.9769700169563293,
           0.9710999727249146,
           0.7896999716758728,
           0.9631999731063843,
           0.9909899830818176,
           0.9823499917984009,
           0.9836000204086304,
           0.7917500138282776,
           0.9650300145149231,
           0.9832000136375427,
           0.8590999841690063,
           0.8514400124549866,
           0.9757599830627441,
           0.7872999906539917,
           0.9524400234222412,
           0.8757399916648865,
           0.9277499914169312,
           0.9759500026702881,
           0.9794899821281433,
           0.9825199842453003,
           0.9007400274276733
          ],
          [
           0.9443699717521667,
           0.9280400276184082,
           0.9445099830627441,
           0.9599699974060059,
           0.9229400157928467,
           0.9903799891471863,
           0.9567800164222717,
           0.9918199777603149,
           0.958899974822998,
           1,
           0.9798799753189087,
           0.9976000189781189,
           0.9949399828910828,
           0.8586199879646301,
           0.908079981803894,
           0.9433000087738037,
           0.9894700050354004,
           0.9789599776268005,
           0.9952099919319153,
           0.9069600105285645,
           0.9891800284385681,
           0.9147599935531616,
           0.9779099822044373,
           0.9360499978065491,
           0.9833700060844421,
           0.9637200236320496,
           0.9142500162124634,
           0.8983299732208252,
           0.9032099843025208,
           0.9568099975585938,
           0.9543799757957458,
           0.9481300115585327,
           0.911080002784729,
           0.9924600124359131,
           0.9643999934196472,
           0.9933900237083435,
           0.9833099842071533,
           0.9458400011062622,
           0.9066799879074097,
           0.9795299768447876
          ],
          [
           0.9751399755477905,
           0.9751999974250793,
           0.9720699787139893,
           0.9840599894523621,
           0.9749699831008911,
           0.9754899740219116,
           0.8934999704360962,
           0.9874299764633179,
           0.9809100031852722,
           0.9798799753189087,
           1,
           0.9854599833488464,
           0.9810799956321716,
           0.9119499921798706,
           0.9330499768257141,
           0.9884899854660034,
           0.9847800135612488,
           0.9846299886703491,
           0.9811199903488159,
           0.9536899924278259,
           0.9863399863243103,
           0.8242700099945068,
           0.9868500232696533,
           0.9773499965667725,
           0.9922599792480469,
           0.9754199981689453,
           0.8238499760627747,
           0.9465399980545044,
           0.9504200220108032,
           0.890779972076416,
           0.8836899995803833,
           0.9889600276947021,
           0.8232200145721436,
           0.9766700267791748,
           0.9024900197982788,
           0.9569399952888489,
           0.9922500252723694,
           0.9824600219726562,
           0.9549999833106995,
           0.9257299900054932
          ],
          [
           0.9523699879646301,
           0.9406399726867676,
           0.9544900059700012,
           0.9682300090789795,
           0.9361699819564819,
           0.9846600294113159,
           0.951229989528656,
           0.9954299926757812,
           0.9667099714279175,
           0.9976000189781189,
           0.9854599833488464,
           1,
           0.9985799789428711,
           0.8712000250816345,
           0.9125000238418579,
           0.9535800218582153,
           0.9902899861335754,
           0.9820500016212463,
           0.9970399737358093,
           0.9179700016975403,
           0.9907000064849854,
           0.8975399732589722,
           0.9757000207901001,
           0.9476799964904785,
           0.9865300059318542,
           0.9667699933052063,
           0.8972600102424622,
           0.9118099808692932,
           0.9164900183677673,
           0.9458100199699402,
           0.9411600232124329,
           0.9551699757575989,
           0.893750011920929,
           0.9879699945449829,
           0.9509000182151794,
           0.9872199892997742,
           0.9872699975967407,
           0.950659990310669,
           0.9199600219726562,
           0.9728999733924866
          ],
          [
           0.9521700143814087,
           0.9396700263023376,
           0.9574599862098694,
           0.968999981880188,
           0.9356399774551392,
           0.9781799912452698,
           0.9521099925041199,
           0.9943199753761292,
           0.9682199954986572,
           0.9949399828910828,
           0.9810799956321716,
           0.9985799789428711,
           1,
           0.8760799765586853,
           0.9125699996948242,
           0.9472799897193909,
           0.9890400171279907,
           0.9792699813842773,
           0.9972299933433533,
           0.9201099872589111,
           0.9884999990463257,
           0.8951200246810913,
           0.9669100046157837,
           0.9481300115585327,
           0.9846299886703491,
           0.9658200144767761,
           0.8954399824142456,
           0.9153500199317932,
           0.9202399849891663,
           0.9428499937057495,
           0.9382799863815308,
           0.9483199715614319,
           0.8900700211524963,
           0.9816200137138367,
           0.9471099972724915,
           0.9830800294876099,
           0.9838500022888184,
           0.9448400139808655,
           0.9236599802970886,
           0.9725000262260437
          ],
          [
           0.942579984664917,
           0.9505500197410583,
           0.948710024356842,
           0.9471099972724915,
           0.9663400053977966,
           0.855459988117218,
           0.713379979133606,
           0.8778899908065796,
           0.9487699866294861,
           0.8586199879646301,
           0.9119499921798706,
           0.8712000250816345,
           0.8760799765586853,
           1,
           0.9165899753570557,
           0.9183599948883057,
           0.8942300081253052,
           0.8878300189971924,
           0.8756099939346313,
           0.979610025882721,
           0.8870400190353394,
           0.6269800066947937,
           0.8854699730873108,
           0.9569100141525269,
           0.9168499708175659,
           0.9118899703025818,
           0.6324999928474426,
           0.9713799953460693,
           0.9782099723815918,
           0.7082700133323669,
           0.707830011844635,
           0.9295799732208252,
           0.6236000061035156,
           0.8494099974632263,
           0.7349299788475037,
           0.808139979839325,
           0.9021999835968018,
           0.9382200241088867,
           0.981469988822937,
           0.7654200196266174
          ],
          [
           0.9793599843978882,
           0.9224299788475037,
           0.9316499829292297,
           0.9330999851226807,
           0.9410600066184998,
           0.9290599822998047,
           0.8275099992752075,
           0.9359099864959717,
           0.9627199769020081,
           0.908079981803894,
           0.9330499768257141,
           0.9125000238418579,
           0.9125699996948242,
           0.9165899753570557,
           1,
           0.9314000010490417,
           0.9292299747467041,
           0.9535800218582153,
           0.9264000058174133,
           0.9450600147247314,
           0.9427800178527832,
           0.7490100264549255,
           0.9426699876785278,
           0.9701399803161621,
           0.944320023059845,
           0.9810100197792053,
           0.7451599836349487,
           0.9035199880599976,
           0.9539499878883362,
           0.8273599743843079,
           0.7988399863243103,
           0.9487500190734863,
           0.7475299835205078,
           0.9224299788475037,
           0.8321099877357483,
           0.877839982509613,
           0.9422900080680847,
           0.9633899927139282,
           0.9556400179862976,
           0.8576599955558777
          ],
          [
           0.9691100120544434,
           0.9851800203323364,
           0.957539975643158,
           0.9700999855995178,
           0.9832800030708313,
           0.9472299814224243,
           0.8347600102424622,
           0.9607300162315369,
           0.9652900099754333,
           0.9433000087738037,
           0.9884899854660034,
           0.9535800218582153,
           0.9472799897193909,
           0.9183599948883057,
           0.9314000010490417,
           1,
           0.9506099820137024,
           0.971809983253479,
           0.9479399919509888,
           0.9573699831962585,
           0.9664400219917297,
           0.7493799924850464,
           0.9740800261497498,
           0.9795600175857544,
           0.9767299890518188,
           0.9625999927520752,
           0.747219979763031,
           0.9478300213813782,
           0.9514399766921997,
           0.8331199884414673,
           0.8174399733543396,
           0.9946100115776062,
           0.7499600052833557,
           0.9464200139045715,
           0.8404899835586548,
           0.9116700291633606,
           0.9787300229072571,
           0.9853799939155579,
           0.9597200155258179,
           0.8714399933815002
          ],
          [
           0.9702600240707397,
           0.9398400187492371,
           0.9719399809837341,
           0.9785500168800354,
           0.9479600191116333,
           0.9788900017738342,
           0.9277899861335754,
           0.9902499914169312,
           0.9823600053787231,
           0.9894700050354004,
           0.9847800135612488,
           0.9902899861335754,
           0.9890400171279907,
           0.8942300081253052,
           0.9292299747467041,
           0.9506099820137024,
           1,
           0.9734799861907959,
           0.9901400208473206,
           0.935699999332428,
           0.9807699918746948,
           0.874530017375946,
           0.9750999808311462,
           0.9599300026893616,
           0.9826800227165222,
           0.974370002746582,
           0.8765000104904175,
           0.9279500246047974,
           0.9406999945640564,
           0.9228100180625916,
           0.9233800172805786,
           0.9611600041389465,
           0.8727800250053406,
           0.9821799993515015,
           0.9410200119018555,
           0.9743300080299377,
           0.9802200198173523,
           0.9605600237846375,
           0.9373800158500671,
           0.9535099864006042
          ],
          [
           0.9708999991416931,
           0.959119975566864,
           0.9550600051879883,
           0.966949999332428,
           0.9527900218963623,
           0.9844800233840942,
           0.9208300113677979,
           0.9894899725914001,
           0.9705100059509277,
           0.9789599776268005,
           0.9846299886703491,
           0.9820500016212463,
           0.9792699813842773,
           0.8878300189971924,
           0.9535800218582153,
           0.971809983253479,
           0.9734799861907959,
           1,
           0.9867299795150757,
           0.9395099878311157,
           0.9968400001525879,
           0.8532099723815918,
           0.9835900068283081,
           0.9693599939346313,
           0.9916399717330933,
           0.9877499938011169,
           0.8494799733161926,
           0.92221999168396,
           0.932420015335083,
           0.9208499789237976,
           0.8976200222969055,
           0.9711700081825256,
           0.8500800132751465,
           0.9810600280761719,
           0.917680025100708,
           0.960319995880127,
           0.9947100281715393,
           0.9725900292396545,
           0.9424200057983398,
           0.9441800117492676
          ],
          [
           0.9583500027656555,
           0.9386699795722961,
           0.9569100141525269,
           0.9677000045776367,
           0.935259997844696,
           0.9859600067138672,
           0.9545400142669678,
           0.9966999888420105,
           0.9706100225448608,
           0.9952099919319153,
           0.9811199903488159,
           0.9970399737358093,
           0.9972299933433533,
           0.8756099939346313,
           0.9264000058174133,
           0.9479399919509888,
           0.9901400208473206,
           0.9867299795150757,
           1,
           0.9220499992370605,
           0.9933599829673767,
           0.8997200131416321,
           0.9735000133514404,
           0.9520699977874756,
           0.9873999953269958,
           0.9747300148010254,
           0.8995199799537659,
           0.9128100275993347,
           0.9212899804115295,
           0.9490699768066406,
           0.940500020980835,
           0.9510899782180786,
           0.8957099914550781,
           0.9873200058937073,
           0.9530199766159058,
           0.9842000007629395,
           0.9870700240135193,
           0.950689971446991,
           0.9259799718856812,
           0.9740700125694275
          ],
          [
           0.9759799838066101,
           0.9812099933624268,
           0.9820600152015686,
           0.9824299812316895,
           0.9901099801063538,
           0.9035000205039978,
           0.7732399702072144,
           0.9244999885559082,
           0.9769700169563293,
           0.9069600105285645,
           0.9536899924278259,
           0.9179700016975403,
           0.9201099872589111,
           0.979610025882721,
           0.9450600147247314,
           0.9573699831962585,
           0.935699999332428,
           0.9395099878311157,
           0.9220499992370605,
           1,
           0.934499979019165,
           0.6812400221824646,
           0.9299899935722351,
           0.9856799840927124,
           0.9588900208473206,
           0.9552599787712097,
           0.6833500266075134,
           0.9910500049591064,
           0.9914399981498718,
           0.7671200037002563,
           0.7560300230979919,
           0.9631100296974182,
           0.6766899824142456,
           0.897409975528717,
           0.786109983921051,
           0.8578299880027771,
           0.9515299797058105,
           0.9715399742126465,
           0.991159975528717,
           0.8190100193023682
          ],
          [
           0.9644799828529358,
           0.9557099938392639,
           0.954010009765625,
           0.9678999781608582,
           0.9480299949645996,
           0.9901000261306763,
           0.9341599941253662,
           0.9934700131416321,
           0.9710999727249146,
           0.9891800284385681,
           0.9863399863243103,
           0.9907000064849854,
           0.9884999990463257,
           0.8870400190353394,
           0.9427800178527832,
           0.9664400219917297,
           0.9807699918746948,
           0.9968400001525879,
           0.9933599829673767,
           0.934499979019165,
           1,
           0.8751999735832214,
           0.9855599999427795,
           0.9627900123596191,
           0.9950000047683716,
           0.9821599721908569,
           0.8726000189781189,
           0.9197999835014343,
           0.9275699853897095,
           0.9349799752235413,
           0.9190499782562256,
           0.9678599834442139,
           0.8712800145149231,
           0.986810028553009,
           0.9345999956130981,
           0.9739099740982056,
           0.9940099716186523,
           0.9690799713134766,
           0.9376599788665771,
           0.9589999914169312
          ],
          [
           0.7672600150108337,
           0.711080014705658,
           0.7579799890518188,
           0.7779499888420105,
           0.6997699737548828,
           0.9093899726867676,
           0.9780799746513367,
           0.8859500288963318,
           0.7896999716758728,
           0.9147599935531616,
           0.8242700099945068,
           0.8975399732589722,
           0.8951200246810913,
           0.6269800066947937,
           0.7490100264549255,
           0.7493799924850464,
           0.874530017375946,
           0.8532099723815918,
           0.8997200131416321,
           0.6812400221824646,
           0.8751999735832214,
           1,
           0.8507199883460999,
           0.7372499704360962,
           0.8382400274276733,
           0.8242499828338623,
           0.9990500211715698,
           0.6673799753189087,
           0.6833800077438354,
           0.9874100089073181,
           0.9914699792861938,
           0.7599599957466125,
           0.9984800219535828,
           0.9154000282287598,
           0.9840899705886841,
           0.9511100053787231,
           0.8449699878692627,
           0.756659984588623,
           0.6900500059127808,
           0.9720199704170227
          ],
          [
           0.9639899730682373,
           0.9472699761390686,
           0.9400500059127808,
           0.9588199853897095,
           0.9492300152778625,
           0.9905499815940857,
           0.9004999995231628,
           0.9794800281524658,
           0.9631999731063843,
           0.9779099822044373,
           0.9868500232696533,
           0.9757000207901001,
           0.9669100046157837,
           0.8854699730873108,
           0.9426699876785278,
           0.9740800261497498,
           0.9750999808311462,
           0.9835900068283081,
           0.9735000133514404,
           0.9299899935722351,
           0.9855599999427795,
           0.8507199883460999,
           1,
           0.9589200019836426,
           0.983959972858429,
           0.9747099876403809,
           0.8479499816894531,
           0.9076499938964844,
           0.9242500066757202,
           0.910830020904541,
           0.9007800221443176,
           0.9831699728965759,
           0.8515599966049194,
           0.9874899983406067,
           0.9214800000190735,
           0.9636399745941162,
           0.9859200119972229,
           0.9818599820137024,
           0.9291099905967712,
           0.9327300190925598
          ],
          [
           0.9947699904441833,
           0.9821799993515015,
           0.9823399782180786,
