{
 "cells": [
  {
   "cell_type": "markdown",
   "metadata": {},
   "source": [
    "### Step 1: Import necessary libraries"
   ]
  },
  {
   "cell_type": "code",
   "execution_count": 1,
   "metadata": {},
   "outputs": [
    {
     "name": "stderr",
     "output_type": "stream",
     "text": [
      "2024-06-19 15:23:01.424065: I tensorflow/core/util/port.cc:113] oneDNN custom operations are on. You may see slightly different numerical results due to floating-point round-off errors from different computation orders. To turn them off, set the environment variable `TF_ENABLE_ONEDNN_OPTS=0`.\n",
      "2024-06-19 15:23:01.460941: I tensorflow/core/platform/cpu_feature_guard.cc:210] This TensorFlow binary is optimized to use available CPU instructions in performance-critical operations.\n",
      "To enable the following instructions: AVX2 AVX_VNNI FMA, in other operations, rebuild TensorFlow with the appropriate compiler flags.\n",
      "2024-06-19 15:23:02.003515: W tensorflow/compiler/tf2tensorrt/utils/py_utils.cc:38] TF-TRT Warning: Could not find TensorRT\n"
     ]
    }
   ],
   "source": [
    "import os\n",
    "import numpy as np\n",
    "import librosa\n",
    "import tensorflow as tf\n",
    "from sklearn.metrics.pairwise import cosine_similarity\n",
    "from sklearn.preprocessing import MultiLabelBinarizer\n",
    "import plotly.express as px\n",
    "import pandas as pd\n",
    "from plotly.subplots import make_subplots\n",
    "import plotly.graph_objects as go\n",
    "import json"
   ]
  },
  {
   "cell_type": "markdown",
   "metadata": {},
   "source": [
    "### Step 2: Download model and define paths"
   ]
  },
  {
   "cell_type": "markdown",
   "metadata": {},
   "source": [
    "Download the model and move to 'model' directory. (skip this step if model is already downloaded)"
   ]
  },
  {
   "cell_type": "code",
   "execution_count": 3,
   "metadata": {},
   "outputs": [
    {
     "name": "stdout",
     "output_type": "stream",
     "text": [
      "  % Total    % Received % Xferd  Average Speed   Time    Time     Time  Current\n",
      "                                 Dload  Upload   Total   Spent    Left  Speed\n",
      "100  3101  100  3101    0     0   2416      0  0:00:01  0:00:01 --:--:--  2416\n",
      "  % Total    % Received % Xferd  Average Speed   Time    Time     Time  Current\n",
      "                                 Dload  Upload   Total   Spent    Left  Speed\n",
      "  0     0    0     0    0     0      0      0 --:--:-- --:--:-- --:--:--     0^C\n"
     ]
    }
   ],
   "source": [
    "!curl -SLO https://essentia.upf.edu/models/classifiers/genre_tzanetakis/genre_tzanetakis-musicnn-msd-1.json\n",
    "!curl -SLO https://essentia.upf.edu/models/classifiers/genre_tzanetakis/genre_tzanetakis-musicnn-msd-1.pb"
   ]
  },
  {
   "cell_type": "code",
   "execution_count": 2,
   "metadata": {},
   "outputs": [],
   "source": [
    "MUSICNN_SR = 16000\n",
    "MODEL_PATH = '../model/genre_tzanetakis-musicnn-msd-1.pb'\n",
    "DATASET_DIR = '../dataset/drums'"
   ]
  },
  {
   "cell_type": "code",
   "execution_count": 3,
   "metadata": {},
   "outputs": [
    {
     "name": "stdout",
     "output_type": "stream",
     "text": [
      "name: genre GTZAN\n",
      "type: multi-class classifier\n",
      "link: https://essentia.upf.edu/models/classifiers/genre_tzanetakis/genre_tzanetakis-musicnn-msd-1.pb\n",
      "version: 1\n",
      "description: classification of music by genre\n",
      "author: Pablo Alonso\n",
      "email: pablo.alonso@upf.edu\n",
      "release_date: 2020-03-31\n",
      "framework: tensorflow\n",
      "framework_version: 1.15.0\n",
      "classes: ['blu', 'cla', 'cou', 'dis', 'hip', 'jaz', 'met', 'pop', 'reg', 'roc']\n",
      "model_types: ['frozen_model']\n",
      "dataset: {'name': 'the GTZAN Genre Collection', 'citation': '@article{tzanetakis2002musical,\\n  title={Musical genre classification of audio signals},\\n  author={Tzanetakis, George and Cook, Perry},\\n  journal={IEEE Transactions on speech and audio processing},\\n  volume={10},\\n  number={5},\\n  pages={293--302},\\n  year={2002},\\n  publisher={IEEE}\\n}', 'size': '1000 track excerpts, 100 per genre', 'metrics': {'5-fold_cross_validation_normalized_accuracy': 0.83}}\n",
      "schema: {'inputs': [{'name': 'model/Placeholder', 'type': 'float', 'shape': [187, 96]}], 'outputs': [{'name': 'model/Sigmoid', 'type': 'float', 'shape': [1, 10], 'op': 'Sigmoid', 'output_purpose': 'predictions'}, {'name': 'model/dense_2/BiasAdd', 'type': 'float', 'shape': [1, 10], 'op': 'fully connected', 'description': 'logits', 'output_purpose': ''}, {'name': 'model/dense_1/BiasAdd', 'type': 'float', 'shape': [1, 100], 'op': 'fully connected', 'description': 'penultimate layer', 'output_purpose': ''}, {'name': 'model/dense/BiasAdd', 'type': 'float', 'shape': [1, 200], 'op': 'fully connected', 'output_purpose': 'embeddings'}]}\n",
      "citation: @inproceedings{alonso2020tensorflow,\n",
      "  title={Tensorflow Audio Models in Essentia},\n",
      "  author={Alonso-Jim{\\'e}nez, Pablo and Bogdanov, Dmitry and Pons, Jordi and Serra, Xavier},\n",
      "  booktitle={IEEE International Conference on Acoustics, Speech and Signal Processing (ICASSP)},\n",
      "  year={2020}\n",
      "}\n",
      "inference: {'sample_rate': 16000, 'algorithm': 'TensorflowPredictMusiCNN'}\n"
     ]
    }
   ],
   "source": [
    "MODEL_NAME = '../model/genre_tzanetakis-musicnn-msd-1'\n",
    "MODEL_JSON = f'{MODEL_NAME}.json'\n",
    "MODEL_PB = f'{MODEL_NAME}.pb'\n",
    "\n",
    "musicnn_metadata = json.load(open(MODEL_JSON, 'r'))\n",
    "for k, v in musicnn_metadata.items():\n",
    "    print('{}: {}'.format(k , v))"
   ]
  },
  {
   "cell_type": "markdown",
   "metadata": {},
   "source": [
    "We can observe the output of the penultimate dense layer is proposed as embeddings. \n",
    "We will use it to extract songs embeddings from our dataset."
   ]
  },
  {
   "cell_type": "markdown",
   "metadata": {},
   "source": [
    "### Step 3: Define genres for each song"
   ]
  },
  {
   "cell_type": "code",
   "execution_count": 4,
   "metadata": {},
   "outputs": [],
   "source": [
    "genres = [\n",
    "    ['Romantic', 'Melody'], # Allantha Doorala 0\n",
    "    ['Romantic', 'Melody'], # Pranavalaya 1\n",
    "    ['Romantic', 'Sad'], # Adiga Adiga 2\n",
    "    ['Romantic', 'Upbeat'], # Guruvaram 3\n",
    "    ['Romantic', 'Folk'],   # Ghal Ghal 4\n",
    "    ['Romantic', 'Melody'], # Ninnila 5\n",
    "    ['Mass', 'Inspirational'], # Hukum 6\n",
    "    ['Melody'], # Chinnari Thalli 7\n",
    "    ['Romantic', 'Melody'], # O Cheliya 8\n",
    "    ['Folk', 'Dance'],      # Naatu Naatu 9 \n",
    "    ['Folk', 'Dance'],      # Kurchi Madathapetti 10\n",
    "    ['Romantic', 'Upbeat'], # Urike Urike 11\n",
    "    ['Inspirational', 'Mass'], # Saahore Baahubali 12\n",
    "    ['Romantic', 'Melody'], # Nenani Neevani 13\n",
    "    ['Romantic', 'Melody'], # Manasavacha 14\n",
    "    ['Romantic', 'Melody'],       # Ammaadi 15\n",
    "    ['Romantic', 'Melody'], # Dheera Dheera 16\n",
    "    ['Melody'], # Pedave Palikina 17 \n",
    "    ['Romantic', 'Sad'],   # Oosupodu 18\n",
    "    ['Romantic', 'Melody'] # Sirivennela 19\n",
    "]"
   ]
  },
  {
   "cell_type": "markdown",
   "metadata": {},
   "source": [
    "### Step 4: Encode genres"
   ]
  },
  {
   "cell_type": "code",
   "execution_count": 5,
   "metadata": {},
   "outputs": [],
   "source": [
    "mlb = MultiLabelBinarizer()\n",
    "genre_labels = mlb.fit_transform(genres)"
   ]
  },
  {
   "cell_type": "markdown",
   "metadata": {},
   "source": [
    "### Step 5: Functions for loading and processing audio"
   ]
  },
  {
   "cell_type": "code",
   "execution_count": 6,
   "metadata": {},
   "outputs": [],
   "source": [
    "def load_model(pb_file_path):\n",
    "    with tf.io.gfile.GFile(pb_file_path, \"rb\") as f:\n",
    "        graph_def = tf.compat.v1.GraphDef()\n",
    "        graph_def.ParseFromString(f.read())\n",
    "    with tf.compat.v1.Graph().as_default() as graph:\n",
    "        tf.import_graph_def(graph_def, name=\"\")\n",
    "    return graph\n",
    "\n",
    "def preprocess_audio(file_path, sample_rate=MUSICNN_SR):\n",
    "    y, sr = librosa.load(file_path, sr=sample_rate)\n",
    "    mel_spec = librosa.feature.melspectrogram(y=y, sr=sr, n_mels=96, n_fft=2048, hop_length=512)\n",
    "    log_mel_spec = librosa.power_to_db(mel_spec, ref=np.max)\n",
    "    if log_mel_spec.shape[1] > 187:\n",
    "        log_mel_spec = log_mel_spec[:, :187]\n",
    "    else:\n",
    "        pad_width = 187 - log_mel_spec.shape[1]\n",
    "        log_mel_spec = np.pad(log_mel_spec, ((0, 0), (0, pad_width)), mode='constant')\n",
    "    return log_mel_spec.T[np.newaxis, :, :]\n",
    "\n",
    "def run_model(graph, input_data):\n",
    "    input_tensor = graph.get_tensor_by_name('model/Placeholder:0')\n",
    "    output_tensor = graph.get_tensor_by_name('model/dense/BiasAdd:0')\n",
    "    with tf.compat.v1.Session(graph=graph) as sess:\n",
    "        embeddings = sess.run(output_tensor, feed_dict={input_tensor: input_data})\n",
    "    return embeddings\n",
    "\n",
    "def extract_mean_embedding(filename):\n",
    "    audio_data = preprocess_audio(filename)\n",
    "    graph = load_model(MODEL_PATH)\n",
    "    embeddings = run_model(graph, audio_data)\n",
    "    return embeddings\n",
    "\n",
    "def process_dataset(dataset_dir):\n",
    "    embeddings = []\n",
    "    for root, dirs, files in os.walk(dataset_dir):\n",
    "        for file in files:\n",
    "            if file.endswith('.wav'):\n",
    "                file_path = os.path.join(root, file)\n",
    "                mean_embedding = extract_mean_embedding(file_path)\n",
    "                embeddings.append((file_path, mean_embedding))\n",
    "    return embeddings"
   ]
  },
  {
   "cell_type": "markdown",
   "metadata": {},
   "source": [
    "### Step 6: Process dataset and extract embeddings"
   ]
  },
  {
   "cell_type": "code",
   "execution_count": 7,
   "metadata": {},
   "outputs": [
    {
     "name": "stderr",
     "output_type": "stream",
     "text": [
      "2024-06-19 15:23:26.130848: I external/local_xla/xla/stream_executor/cuda/cuda_executor.cc:998] successful NUMA node read from SysFS had negative value (-1), but there must be at least one NUMA node, so returning NUMA node zero. See more at https://github.com/torvalds/linux/blob/v6.0/Documentation/ABI/testing/sysfs-bus-pci#L344-L355\n",
      "2024-06-19 15:23:26.181665: W tensorflow/core/common_runtime/gpu/gpu_device.cc:2251] Cannot dlopen some GPU libraries. Please make sure the missing libraries mentioned above are installed properly if you would like to use GPU. Follow the guide at https://www.tensorflow.org/install/gpu for how to download and setup the required libraries for your platform.\n",
      "Skipping registering GPU devices...\n",
      "2024-06-19 15:23:26.189582: I tensorflow/compiler/mlir/mlir_graph_optimization_pass.cc:388] MLIR V1 optimization pass is not enabled\n"
     ]
    },
    {
     "name": "stdout",
     "output_type": "stream",
     "text": [
      "File path: ../dataset/drums/Oosupodu_drums.wav\n",
      "File path: ../dataset/drums/Kurchi Madathapetti_drums.wav\n",
      "File path: ../dataset/drums/Allantha Doorala_drums.wav\n",
      "File path: ../dataset/drums/Hukum_drums.wav\n",
      "File path: ../dataset/drums/Pranavalaya_drums.wav\n",
      "File path: ../dataset/drums/Dheera Dheera Dheera_drums.wav\n",
      "File path: ../dataset/drums/Ghal Ghal Ghal Ghal_drums.wav\n",
      "File path: ../dataset/drums/O Cheliya_drums.wav\n",
      "File path: ../dataset/drums/Saahore Baahubali_drums.wav\n",
      "File path: ../dataset/drums/Ammaadi_drums.wav\n",
      "File path: ../dataset/drums/Ninnila_drums.wav\n",
      "File path: ../dataset/drums/Chinnari Thalli_drums.wav\n",
      "File path: ../dataset/drums/Nenani Neevani_drums.wav\n",
      "File path: ../dataset/drums/Adiga Adiga_drums.wav\n",
      "File path: ../dataset/drums/Sirivennela_drums.wav\n",
      "File path: ../dataset/drums/Nattu Nattu_drums.wav\n",
      "File path: ../dataset/drums/Pedave Palikina_drums.wav\n",
      "File path: ../dataset/drums/Urike Urike_drums.wav\n",
      "File path: ../dataset/drums/Manasavacha_drums.wav\n",
      "File path: ../dataset/drums/Guruvaram_drums.wav\n"
     ]
    }
   ],
   "source": [
    "file_embeddings = process_dataset(DATASET_DIR)\n",
    "embeddings = []\n",
    "for file_path, embedding in file_embeddings:\n",
    "    print(f'File path: {file_path}')\n",
    "    embeddings.append(embedding)\n",
    "\n",
    "embeddings = np.array(embeddings)\n",
    "embeddings_matrix = np.vstack([emb for emb in embeddings])  # to convert list of tuples to a numpy matrix\n",
    "similarities = cosine_similarity(embeddings_matrix)"
   ]
  },
  {
   "cell_type": "code",
   "execution_count": 8,
   "metadata": {},
   "outputs": [
    {
     "name": "stdout",
     "output_type": "stream",
     "text": [
      "(20, 20)\n",
      "Min value: 0.6634206771850586\n",
      "Max value: 1.0000003576278687\n"
     ]
    },
    {
     "data": {
      "application/vnd.plotly.v1+json": {
       "config": {
        "plotlyServerURL": "https://plot.ly"
       },
       "data": [
        {
         "coloraxis": "coloraxis",
         "hovertemplate": "x: %{x}<br>y: %{y}<br>color: %{z}<extra></extra>",
         "name": "0",
         "type": "heatmap",
         "xaxis": "x",
         "yaxis": "y",
         "z": [
          [
           0.9999998211860657,
           0.9990315437316895,
           0.9994036555290222,
           0.9628927111625671,
           0.9994578957557678,
           0.9996451139450073,
           0.8521628975868225,
           0.9076244831085205,
           0.9366811513900757,
           0.9970954060554504,
           0.9997966885566711,
           0.6707906126976013,
           0.9994661211967468,
           0.8773398995399475,
           0.9666627645492554,
           0.8818230032920837,
           0.9990431070327759,
           0.9990155696868896,
           0.9973423480987549,
           0.9989317655563354
          ],
          [
           0.9990315437316895,
           1.0000001192092896,
           0.9998046159744263,
           0.9610631465911865,
           0.9996516704559326,
           0.997918963432312,
           0.8520573973655701,
           0.9109739065170288,
           0.9340919852256775,
           0.9986299276351929,
           0.9996347427368164,
           0.6699643731117249,
           0.9995328187942505,
           0.8753137588500977,
           0.9626298546791077,
           0.88064044713974,
           0.9995930194854736,
           0.9989911913871765,
           0.9951583743095398,
           0.9999028444290161
          ],
          [
           0.9994036555290222,
           0.9998046159744263,
           1,
           0.9589603543281555,
           0.9997522234916687,
           0.9982879161834717,
           0.8477128148078918,
           0.9069508910179138,
           0.9319568276405334,
           0.9979251027107239,
           0.9998410940170288,
           0.6659311056137085,
           0.9994329214096069,
           0.8726187348365784,
           0.9614428877830505,
           0.8770399689674377,
           0.9997522830963135,
           0.9986695647239685,
           0.995284914970398,
           0.9998578429222107
          ],
          [
           0.9628927111625671,
           0.9610631465911865,
           0.9589603543281555,
           1.000000238418579,
           0.9600076079368591,
           0.9671076536178589,
           0.948915958404541,
           0.9723618626594543,
           0.9851287603378296,
           0.9641331434249878,
           0.9610273241996765,
           0.791836678981781,
           0.964847207069397,
           0.9610241651535034,
           0.9841681122779846,
           0.9551140069961548,
           0.9577527046203613,
           0.9694798588752747,
           0.9724342226982117,
           0.9600604772567749
          ],
          [
           0.9994578957557678,
           0.9996516704559326,
           0.9997522234916687,
           0.9600076079368591,
           0.9999999403953552,
           0.998452365398407,
           0.8513273596763611,
           0.9071711897850037,
           0.9347962141036987,
           0.9984740614891052,
           0.9997777938842773,
           0.6718781590461731,
           0.9993752837181091,
           0.875085175037384,
           0.9651936292648315,
           0.8821808695793152,
           0.9993882179260254,
           0.998813271522522,
           0.9950427412986755,
           0.9995104670524597
          ],
          [
           0.9996451139450073,
           0.997918963432312,
           0.9982879161834717,
           0.9671076536178589,
           0.998452365398407,
           1,
           0.8576591610908508,
           0.9119585752487183,
           0.9411062002182007,
           0.9959724545478821,
           0.9990405440330505,
           0.6758033037185669,
           0.9989988803863525,
           0.882757842540741,
           0.9698982834815979,
           0.8869074583053589,
           0.9978266358375549,
           0.9989045262336731,
           0.9986048936843872,
           0.997722864151001
          ],
          [
           0.8521628975868225,
           0.8520573973655701,
           0.8477128148078918,
           0.948915958404541,
           0.8513273596763611,
           0.8576591610908508,
           1.0000001192092896,
           0.9540561437606812,
           0.9749748110771179,
           0.863990843296051,
           0.8498519062995911,
           0.9324774146080017,
           0.8559847474098206,
           0.992142379283905,
           0.9308184385299683,
           0.9859713912010193,
           0.845656156539917,
           0.8643282055854797,
           0.8626989126205444,
           0.8500824570655823
          ],
          [
           0.9076244831085205,
           0.9109739065170288,
           0.9069508910179138,
           0.9723618626594543,
           0.9071711897850037,
           0.9119585752487183,
           0.9540561437606812,
           1.0000001192092896,
           0.9597789645195007,
           0.9172301888465881,
           0.9073270559310913,
           0.809773325920105,
           0.9143556952476501,
           0.9565511345863342,
           0.9383190274238586,
           0.9535338282585144,
           0.9049975872039795,
           0.9204602241516113,
           0.9189472198486328,
           0.9101682901382446
          ],
          [
           0.9366811513900757,
           0.9340919852256775,
           0.9319568276405334,
           0.9851287603378296,
           0.9347962141036987,
           0.9411062002182007,
           0.9749748110771179,
           0.9597789645195007,
           1.000000238418579,
           0.941543459892273,
           0.9341062307357788,
           0.8700782060623169,
           0.9375958442687988,
           0.9837626814842224,
           0.9790061712265015,
           0.9845000505447388,
           0.9299953579902649,
           0.9427690505981445,
           0.9441241025924683,
           0.9324371814727783
          ],
          [
           0.9970954060554504,
           0.9986299276351929,
           0.9979251027107239,
           0.9641331434249878,
           0.9984740614891052,
           0.9959724545478821,
           0.863990843296051,
           0.9172301888465881,
           0.941543459892273,
           1.0000003576278687,
           0.9976768493652344,
           0.6873912215232849,
           0.9980627298355103,
           0.8835731148719788,
           0.9684399366378784,
           0.8939136862754822,
           0.9971145391464233,
           0.9981917142868042,
           0.9925163984298706,
           0.9980777502059937
          ],
          [
           0.9997966885566711,
           0.9996347427368164,
           0.9998410940170288,
           0.9610273241996765,
           0.9997777938842773,
           0.9990405440330505,
           0.8498519062995911,
           0.9073270559310913,
           0.9341062307357788,
           0.9976768493652344,
           0.9999997615814209,
           0.6676607131958008,
           0.9996234774589539,
           0.8746318817138672,
           0.9642017483711243,
           0.8792809844017029,
           0.999640166759491,
           0.9990122318267822,
           0.9964495897293091,
           0.9995906949043274
          ],
          [
           0.6707906126976013,
           0.6699643731117249,
           0.6659311056137085,
           0.791836678981781,
           0.6718781590461731,
           0.6758033037185669,
           0.9324774146080017,
           0.809773325920105,
           0.8700782060623169,
           0.6873912215232849,
           0.6676607131958008,
           1.0000003576278687,
           0.6714978218078613,
           0.9205828905105591,
           0.7818235754966736,
           0.9145307540893555,
           0.6634206771850586,
           0.6804931163787842,
           0.6757187843322754,
           0.6676115989685059
          ],
          [
           0.9994661211967468,
           0.9995328187942505,
           0.9994329214096069,
           0.964847207069397,
           0.9993752837181091,
           0.9989988803863525,
           0.8559847474098206,
           0.9143556952476501,
           0.9375958442687988,
           0.9980627298355103,
           0.9996234774589539,
           0.6714978218078613,
           1.0000001192092896,
           0.8789505958557129,
           0.9664115905761719,
           0.8844677805900574,
           0.9990593194961548,
           0.9997389316558838,
           0.9970417618751526,
           0.9993981719017029
          ],
          [
           0.8773398995399475,
           0.8753137588500977,
           0.8726187348365784,
           0.9610241651535034,
           0.875085175037384,
           0.882757842540741,
           0.992142379283905,
           0.9565511345863342,
           0.9837626814842224,
           0.8835731148719788,
           0.8746318817138672,
           0.9205828905105591,
           0.8789505958557129,
           0.9999999403953552,
           0.9398928284645081,
           0.9817861914634705,
           0.8705090880393982,
           0.8860092759132385,
           0.8873210549354553,
           0.8741870522499084
          ],
          [
           0.9666627645492554,
           0.9626298546791077,
           0.9614428877830505,
           0.9841681122779846,
           0.9651936292648315,
           0.9698982834815979,
           0.9308184385299683,
           0.9383190274238586,
           0.9790061712265015,
           0.9684399366378784,
           0.9642017483711243,
           0.7818235754966736,
           0.9664115905761719,
           0.9398928284645081,
           1.000000238418579,
           0.9535622596740723,
           0.9599560499191284,
           0.970198929309845,
           0.9702841639518738,
           0.9607282876968384
          ],
          [
           0.8818230032920837,
           0.88064044713974,
           0.8770399689674377,
           0.9551140069961548,
           0.8821808695793152,
           0.8869074583053589,
           0.9859713912010193,
           0.9535338282585144,
           0.9845000505447388,
           0.8939136862754822,
           0.8792809844017029,
           0.9145307540893555,
           0.8844677805900574,
           0.9817861914634705,
           0.9535622596740723,
           1,
           0.8739157319068909,
           0.8916866183280945,
           0.8881008625030518,
           0.8782433867454529
          ],
          [
           0.9990431070327759,
           0.9995930194854736,
           0.9997522830963135,
           0.9577527046203613,
           0.9993882179260254,
           0.9978266358375549,
           0.845656156539917,
           0.9049975872039795,
           0.9299953579902649,
           0.9971145391464233,
           0.999640166759491,
           0.6634206771850586,
           0.9990593194961548,
           0.8705090880393982,
           0.9599560499191284,
           0.8739157319068909,
           1,
           0.998108983039856,
           0.9951362609863281,
           0.9996916651725769
          ],
          [
           0.9990155696868896,
           0.9989911913871765,
           0.9986695647239685,
           0.9694798588752747,
           0.998813271522522,
           0.9989045262336731,
           0.8643282055854797,
           0.9204602241516113,
           0.9427690505981445,
           0.9981917142868042,
           0.9990122318267822,
           0.6804931163787842,
           0.9997389316558838,
           0.8860092759132385,
           0.970198929309845,
           0.8916866183280945,
           0.998108983039856,
           1.0000003576278687,
           0.9973374009132385,
           0.9987137913703918
          ],
          [
           0.9973423480987549,
           0.9951583743095398,
           0.995284914970398,
           0.9724342226982117,
           0.9950427412986755,
           0.9986048936843872,
           0.8626989126205444,
           0.9189472198486328,
           0.9441241025924683,
           0.9925163984298706,
           0.9964495897293091,
           0.6757187843322754,
           0.9970417618751526,
           0.8873210549354553,
           0.9702841639518738,
           0.8881008625030518,
           0.9951362609863281,
           0.9973374009132385,
           0.9999998807907104,
           0.9948647618293762
          ],
          [
           0.9989317655563354,
           0.9999028444290161,
           0.9998578429222107,
           0.9600604772567749,
           0.9995104670524597,
           0.997722864151001,
           0.8500824570655823,
           0.9101682901382446,
           0.9324371814727783,
           0.9980777502059937,
           0.9995906949043274,
           0.6676115989685059,
           0.9993981719017029,
           0.8741870522499084,
           0.9607282876968384,
           0.8782433867454529,
           0.9996916651725769,
           0.9987137913703918,
           0.9948647618293762,
           1
          ]
         ]
        }
       ],
       "layout": {
        "coloraxis": {
         "colorscale": [
          [
           0,
           "rgb(165,0,38)"
          ],
          [
           0.1,
           "rgb(215,48,39)"
          ],
          [
           0.2,
           "rgb(244,109,67)"
          ],
          [
           0.3,
           "rgb(253,174,97)"
          ],
          [
           0.4,
           "rgb(254,224,139)"
          ],
          [
           0.5,
           "rgb(255,255,191)"
          ],
          [
           0.6,
           "rgb(217,239,139)"
          ],
          [
           0.7,
           "rgb(166,217,106)"
          ],
          [
           0.8,
           "rgb(102,189,99)"
          ],
          [
           0.9,
           "rgb(26,152,80)"
          ],
          [
           1,
           "rgb(0,104,55)"
          ]
         ]
        },
        "margin": {
         "t": 60
        },
        "template": {
         "data": {
          "bar": [
           {
            "error_x": {
             "color": "#2a3f5f"
            },
            "error_y": {
             "color": "#2a3f5f"
            },
            "marker": {
             "line": {
              "color": "#E5ECF6",
              "width": 0.5
             },
             "pattern": {
              "fillmode": "overlay",
              "size": 10,
              "solidity": 0.2
             }
            },
            "type": "bar"
           }
          ],
          "barpolar": [
           {
            "marker": {
             "line": {
              "color": "#E5ECF6",
              "width": 0.5
             },
             "pattern": {
              "fillmode": "overlay",
              "size": 10,
              "solidity": 0.2
             }
            },
            "type": "barpolar"
           }
          ],
          "carpet": [
           {
            "aaxis": {
             "endlinecolor": "#2a3f5f",
             "gridcolor": "white",
             "linecolor": "white",
             "minorgridcolor": "white",
             "startlinecolor": "#2a3f5f"
            },
            "baxis": {
             "endlinecolor": "#2a3f5f",
             "gridcolor": "white",
             "linecolor": "white",
             "minorgridcolor": "white",
             "startlinecolor": "#2a3f5f"
            },
            "type": "carpet"
           }
          ],
          "choropleth": [
           {
            "colorbar": {
             "outlinewidth": 0,
             "ticks": ""
            },
            "type": "choropleth"
           }
          ],
          "contour": [
           {
            "colorbar": {
             "outlinewidth": 0,
             "ticks": ""
            },
            "colorscale": [
             [
              0,
              "#0d0887"
             ],
             [
              0.1111111111111111,
              "#46039f"
             ],
             [
              0.2222222222222222,
              "#7201a8"
             ],
             [
              0.3333333333333333,
              "#9c179e"
             ],
             [
              0.4444444444444444,
              "#bd3786"
             ],
             [
              0.5555555555555556,
              "#d8576b"
             ],
             [
              0.6666666666666666,
              "#ed7953"
             ],
             [
              0.7777777777777778,
              "#fb9f3a"
             ],
             [
              0.8888888888888888,
              "#fdca26"
             ],
             [
              1,
              "#f0f921"
             ]
            ],
            "type": "contour"
           }
          ],
          "contourcarpet": [
           {
            "colorbar": {
             "outlinewidth": 0,
             "ticks": ""
            },
            "type": "contourcarpet"
           }
          ],
          "heatmap": [
           {
            "colorbar": {
             "outlinewidth": 0,
             "ticks": ""
            },
            "colorscale": [
             [
              0,
              "#0d0887"
             ],
             [
              0.1111111111111111,
              "#46039f"
             ],
             [
              0.2222222222222222,
              "#7201a8"
             ],
             [
              0.3333333333333333,
              "#9c179e"
             ],
             [
              0.4444444444444444,
              "#bd3786"
             ],
             [
              0.5555555555555556,
              "#d8576b"
             ],
             [
              0.6666666666666666,
              "#ed7953"
             ],
             [
              0.7777777777777778,
              "#fb9f3a"
             ],
             [
              0.8888888888888888,
              "#fdca26"
             ],
             [
              1,
              "#f0f921"
             ]
            ],
            "type": "heatmap"
           }
          ],
          "heatmapgl": [
           {
            "colorbar": {
             "outlinewidth": 0,
             "ticks": ""
            },
            "colorscale": [
             [
              0,
              "#0d0887"
             ],
             [
              0.1111111111111111,
              "#46039f"
             ],
             [
              0.2222222222222222,
              "#7201a8"
             ],
             [
              0.3333333333333333,
              "#9c179e"
             ],
             [
              0.4444444444444444,
              "#bd3786"
             ],
             [
              0.5555555555555556,
              "#d8576b"
             ],
             [
              0.6666666666666666,
              "#ed7953"
             ],
             [
              0.7777777777777778,
              "#fb9f3a"
             ],
             [
              0.8888888888888888,
              "#fdca26"
             ],
             [
              1,
              "#f0f921"
             ]
            ],
            "type": "heatmapgl"
           }
          ],
          "histogram": [
           {
            "marker": {
             "pattern": {
              "fillmode": "overlay",
              "size": 10,
              "solidity": 0.2
             }
            },
            "type": "histogram"
           }
          ],
          "histogram2d": [
           {
            "colorbar": {
             "outlinewidth": 0,
             "ticks": ""
            },
            "colorscale": [
             [
              0,
              "#0d0887"
             ],
             [
              0.1111111111111111,
              "#46039f"
             ],
             [
              0.2222222222222222,
              "#7201a8"
             ],
             [
              0.3333333333333333,
              "#9c179e"
             ],
             [
              0.4444444444444444,
              "#bd3786"
             ],
             [
              0.5555555555555556,
              "#d8576b"
             ],
             [
              0.6666666666666666,
              "#ed7953"
             ],
             [
              0.7777777777777778,
              "#fb9f3a"
             ],
             [
              0.8888888888888888,
              "#fdca26"
             ],
             [
              1,
              "#f0f921"
             ]
            ],
            "type": "histogram2d"
           }
          ],
          "histogram2dcontour": [
           {
            "colorbar": {
             "outlinewidth": 0,
             "ticks": ""
            },
            "colorscale": [
             [
              0,
              "#0d0887"
             ],
             [
              0.1111111111111111,
              "#46039f"
             ],
             [
              0.2222222222222222,
              "#7201a8"
             ],
             [
              0.3333333333333333,
              "#9c179e"
             ],
             [
              0.4444444444444444,
              "#bd3786"
             ],
             [
              0.5555555555555556,
              "#d8576b"
             ],
             [
              0.6666666666666666,
              "#ed7953"
             ],
             [
              0.7777777777777778,
              "#fb9f3a"
             ],
             [
              0.8888888888888888,
              "#fdca26"
             ],
             [
              1,
              "#f0f921"
             ]
            ],
            "type": "histogram2dcontour"
           }
          ],
          "mesh3d": [
           {
            "colorbar": {
             "outlinewidth": 0,
             "ticks": ""
            },
            "type": "mesh3d"
           }
          ],
          "parcoords": [
           {
            "line": {
             "colorbar": {
              "outlinewidth": 0,
              "ticks": ""
             }
            },
            "type": "parcoords"
           }
          ],
          "pie": [
           {
            "automargin": true,
            "type": "pie"
           }
          ],
          "scatter": [
           {
            "fillpattern": {
             "fillmode": "overlay",
             "size": 10,
             "solidity": 0.2
            },
            "type": "scatter"
           }
          ],
          "scatter3d": [
           {
            "line": {
             "colorbar": {
              "outlinewidth": 0,
              "ticks": ""
             }
            },
            "marker": {
             "colorbar": {
              "outlinewidth": 0,
              "ticks": ""
             }
            },
            "type": "scatter3d"
           }
          ],
          "scattercarpet": [
           {
            "marker": {
             "colorbar": {
              "outlinewidth": 0,
              "ticks": ""
             }
            },
            "type": "scattercarpet"
           }
          ],
          "scattergeo": [
           {
            "marker": {
             "colorbar": {
              "outlinewidth": 0,
              "ticks": ""
             }
            },
            "type": "scattergeo"
           }
          ],
          "scattergl": [
           {
            "marker": {
             "colorbar": {
              "outlinewidth": 0,
              "ticks": ""
             }
            },
            "type": "scattergl"
           }
          ],
          "scattermapbox": [
           {
            "marker": {
             "colorbar": {
              "outlinewidth": 0,
              "ticks": ""
             }
            },
            "type": "scattermapbox"
           }
          ],
          "scatterpolar": [
           {
            "marker": {
             "colorbar": {
              "outlinewidth": 0,
              "ticks": ""
             }
            },
            "type": "scatterpolar"
           }
          ],
          "scatterpolargl": [
           {
            "marker": {
             "colorbar": {
              "outlinewidth": 0,
              "ticks": ""
             }
            },
            "type": "scatterpolargl"
           }
          ],
          "scatterternary": [
           {
            "marker": {
             "colorbar": {
              "outlinewidth": 0,
              "ticks": ""
             }
            },
            "type": "scatterternary"
           }
          ],
          "surface": [
           {
            "colorbar": {
             "outlinewidth": 0,
             "ticks": ""
            },
            "colorscale": [
             [
              0,
              "#0d0887"
             ],
             [
              0.1111111111111111,
              "#46039f"
             ],
             [
              0.2222222222222222,
              "#7201a8"
             ],
             [
              0.3333333333333333,
              "#9c179e"
             ],
             [
              0.4444444444444444,
              "#bd3786"
             ],
             [
              0.5555555555555556,
              "#d8576b"
             ],
             [
              0.6666666666666666,
              "#ed7953"
             ],
             [
              0.7777777777777778,
              "#fb9f3a"
             ],
             [
              0.8888888888888888,
              "#fdca26"
             ],
             [
              1,
              "#f0f921"
             ]
            ],
            "type": "surface"
           }
          ],
          "table": [
           {
            "cells": {
             "fill": {
              "color": "#EBF0F8"
             },
             "line": {
              "color": "white"
             }
            },
            "header": {
             "fill": {
              "color": "#C8D4E3"
             },
             "line": {
              "color": "white"
             }
            },
            "type": "table"
           }
          ]
         },
         "layout": {
          "annotationdefaults": {
           "arrowcolor": "#2a3f5f",
           "arrowhead": 0,
           "arrowwidth": 1
          },
          "autotypenumbers": "strict",
          "coloraxis": {
           "colorbar": {
            "outlinewidth": 0,
            "ticks": ""
           }
          },
          "colorscale": {
           "diverging": [
            [
             0,
             "#8e0152"
            ],
            [
             0.1,
             "#c51b7d"
            ],
            [
             0.2,
             "#de77ae"
            ],
            [
             0.3,
             "#f1b6da"
            ],
            [
             0.4,
