{
 "cells": [
  {
   "cell_type": "markdown",
   "metadata": {},
   "source": [
    "### Step 1: Import libraries"
   ]
  },
  {
   "cell_type": "code",
   "execution_count": 2,
   "metadata": {},
   "outputs": [
    {
     "name": "stderr",
     "output_type": "stream",
     "text": [
      "2024-06-21 01:14:24.358889: I tensorflow/core/util/port.cc:113] oneDNN custom operations are on. You may see slightly different numerical results due to floating-point round-off errors from different computation orders. To turn them off, set the environment variable `TF_ENABLE_ONEDNN_OPTS=0`.\n",
      "2024-06-21 01:14:24.393938: I tensorflow/core/platform/cpu_feature_guard.cc:210] This TensorFlow binary is optimized to use available CPU instructions in performance-critical operations.\n",
      "To enable the following instructions: AVX2 AVX_VNNI FMA, in other operations, rebuild TensorFlow with the appropriate compiler flags.\n",
      "2024-06-21 01:14:24.930433: W tensorflow/compiler/tf2tensorrt/utils/py_utils.cc:38] TF-TRT Warning: Could not find TensorRT\n"
     ]
    }
   ],
   "source": [
    "import os\n",
    "import numpy as np\n",
    "import librosa\n",
    "import tensorflow as tf\n",
    "from sklearn.metrics.pairwise import cosine_similarity\n",
    "import plotly.express as px\n",
    "import pandas as pd\n",
    "import json"
   ]
  },
  {
   "cell_type": "markdown",
   "metadata": {},
   "source": [
    "### Step 2: Download model and define paths"
   ]
  },
  {
   "cell_type": "markdown",
   "metadata": {},
   "source": [
    "Download the model and move to 'model' directory.\n",
    "This step is not necessary if the model has already been downloaded."
   ]
  },
  {
   "cell_type": "code",
   "execution_count": null,
   "metadata": {},
   "outputs": [
    {
     "name": "stdout",
     "output_type": "stream",
     "text": [
      "  % Total    % Received % Xferd  Average Speed   Time    Time     Time  Current\n",
      "                                 Dload  Upload   Total   Spent    Left  Speed\n",
      "  0     0    0     0    0     0      0      0 --:--:-- --:--:-- --:--:--     0^C\n",
      "  % Total    % Received % Xferd  Average Speed   Time    Time     Time  Current\n",
      "                                 Dload  Upload   Total   Spent    Left  Speed\n",
      " 39 3166k   39 1237k    0     0   106k      0  0:00:29  0:00:11  0:00:18  111k"
     ]
    }
   ],
   "source": [
    "!curl -SLO https://essentia.upf.edu/models/classifiers/genre_tzanetakis/genre_tzanetakis-musicnn-msd-1.json\n",
    "!curl -SLO https://essentia.upf.edu/models/classifiers/genre_tzanetakis/genre_tzanetakis-musicnn-msd-1.pb"
   ]
  },
  {
   "cell_type": "code",
   "execution_count": 3,
   "metadata": {},
   "outputs": [],
   "source": [
    "MUSICNN_SR = 16000\n",
    "DATASET_DIR = '../dataset/mdirectors'"
   ]
  },
  {
   "cell_type": "code",
   "execution_count": 4,
   "metadata": {},
   "outputs": [
    {
     "name": "stdout",
     "output_type": "stream",
     "text": [
      "name: genre GTZAN\n",
      "type: multi-class classifier\n",
      "link: https://essentia.upf.edu/models/classifiers/genre_tzanetakis/genre_tzanetakis-musicnn-msd-1.pb\n",
      "version: 1\n",
      "description: classification of music by genre\n",
      "author: Pablo Alonso\n",
      "email: pablo.alonso@upf.edu\n",
      "release_date: 2020-03-31\n",
      "framework: tensorflow\n",
      "framework_version: 1.15.0\n",
      "classes: ['blu', 'cla', 'cou', 'dis', 'hip', 'jaz', 'met', 'pop', 'reg', 'roc']\n",
      "model_types: ['frozen_model']\n",
      "dataset: {'name': 'the GTZAN Genre Collection', 'citation': '@article{tzanetakis2002musical,\\n  title={Musical genre classification of audio signals},\\n  author={Tzanetakis, George and Cook, Perry},\\n  journal={IEEE Transactions on speech and audio processing},\\n  volume={10},\\n  number={5},\\n  pages={293--302},\\n  year={2002},\\n  publisher={IEEE}\\n}', 'size': '1000 track excerpts, 100 per genre', 'metrics': {'5-fold_cross_validation_normalized_accuracy': 0.83}}\n",
      "schema: {'inputs': [{'name': 'model/Placeholder', 'type': 'float', 'shape': [187, 96]}], 'outputs': [{'name': 'model/Sigmoid', 'type': 'float', 'shape': [1, 10], 'op': 'Sigmoid', 'output_purpose': 'predictions'}, {'name': 'model/dense_2/BiasAdd', 'type': 'float', 'shape': [1, 10], 'op': 'fully connected', 'description': 'logits', 'output_purpose': ''}, {'name': 'model/dense_1/BiasAdd', 'type': 'float', 'shape': [1, 100], 'op': 'fully connected', 'description': 'penultimate layer', 'output_purpose': ''}, {'name': 'model/dense/BiasAdd', 'type': 'float', 'shape': [1, 200], 'op': 'fully connected', 'output_purpose': 'embeddings'}]}\n",
      "citation: @inproceedings{alonso2020tensorflow,\n",
      "  title={Tensorflow Audio Models in Essentia},\n",
      "  author={Alonso-Jim{\\'e}nez, Pablo and Bogdanov, Dmitry and Pons, Jordi and Serra, Xavier},\n",
      "  booktitle={IEEE International Conference on Acoustics, Speech and Signal Processing (ICASSP)},\n",
      "  year={2020}\n",
      "}\n",
      "inference: {'sample_rate': 16000, 'algorithm': 'TensorflowPredictMusiCNN'}\n"
     ]
    }
   ],
   "source": [
    "MODEL_NAME = '../model/genre_tzanetakis-musicnn-msd-1'\n",
    "MODEL_JSON = f'{MODEL_NAME}.json'\n",
    "MODEL_PB = f'{MODEL_NAME}.pb'\n",
    "\n",
    "musicnn_metadata = json.load(open(MODEL_JSON, 'r'))\n",
    "for k, v in musicnn_metadata.items():\n",
    "    print('{}: {}'.format(k , v))"
   ]
  },
  {
   "cell_type": "markdown",
   "metadata": {},
   "source": [
    "We can observe the output of the penultimate dense layer is proposed as embeddings. \n",
    "We will use it to extract songs embeddings from our dataset."
   ]
  },
  {
   "cell_type": "markdown",
   "metadata": {},
   "source": [
    "### Step 3: Functions for loading and processing audio"
   ]
  },
  {
   "cell_type": "code",
   "execution_count": 5,
   "metadata": {},
   "outputs": [],
   "source": [
    "def load_model(pb_file_path):\n",
    "    with tf.io.gfile.GFile(pb_file_path, \"rb\") as f:\n",
    "        graph_def = tf.compat.v1.GraphDef()\n",
    "        graph_def.ParseFromString(f.read())\n",
    "    with tf.compat.v1.Graph().as_default() as graph:\n",
    "        tf.import_graph_def(graph_def, name=\"\")\n",
    "    return graph\n",
    "\n",
    "def preprocess_audio(file_path, sample_rate=MUSICNN_SR):\n",
    "    y, sr = librosa.load(file_path, sr=sample_rate)\n",
    "    mel_spec = librosa.feature.melspectrogram(y=y, sr=sr, n_mels=96, n_fft=2048, hop_length=512)\n",
    "    log_mel_spec = librosa.power_to_db(mel_spec, ref=np.max)\n",
    "    if log_mel_spec.shape[1] > 187:\n",
    "        log_mel_spec = log_mel_spec[:, :187]\n",
    "    else:\n",
    "        pad_width = 187 - log_mel_spec.shape[1]\n",
    "        log_mel_spec = np.pad(log_mel_spec, ((0, 0), (0, pad_width)), mode='constant')\n",
    "    return log_mel_spec.T[np.newaxis, :, :]\n",
    "\n",
    "def run_model(graph, input_data):\n",
    "    input_tensor = graph.get_tensor_by_name('model/Placeholder:0')\n",
    "    output_tensor = graph.get_tensor_by_name('model/dense/BiasAdd:0')\n",
    "    with tf.compat.v1.Session(graph=graph) as sess:\n",
    "        embeddings = sess.run(output_tensor, feed_dict={input_tensor: input_data})\n",
    "    return embeddings\n",
    "\n",
    "def extract_mean_embedding(filename):\n",
    "    audio_data = preprocess_audio(filename)\n",
    "    graph = load_model(MODEL_PB)\n",
    "    embeddings = run_model(graph, audio_data)\n",
    "    return embeddings\n",
    "\n",
    "def process_dataset(dataset_dir):\n",
    "    embeddings = []\n",
    "    for root, dirs, files in os.walk(dataset_dir):\n",
    "        for file in files:\n",
    "            if file.endswith('.mp3'):\n",
    "                file_path = os.path.join(root, file)\n",
    "                mean_embedding = extract_mean_embedding(file_path)\n",
    "                embeddings.append((file_path, mean_embedding))\n",
    "    return embeddings"
   ]
  },
  {
   "cell_type": "markdown",
   "metadata": {},
   "source": [
    "### Step 4: Process dataset and extract embeddings"
   ]
  },
  {
   "cell_type": "code",
   "execution_count": 6,
   "metadata": {},
   "outputs": [
    {
     "name": "stdout",
     "output_type": "stream",
     "text": [
      "mickey j meyer\n"
     ]
    },
    {
     "name": "stderr",
     "output_type": "stream",
     "text": [
      "2024-06-21 01:14:32.696718: I external/local_xla/xla/stream_executor/cuda/cuda_executor.cc:998] successful NUMA node read from SysFS had negative value (-1), but there must be at least one NUMA node, so returning NUMA node zero. See more at https://github.com/torvalds/linux/blob/v6.0/Documentation/ABI/testing/sysfs-bus-pci#L344-L355\n",
      "2024-06-21 01:14:32.746566: W tensorflow/core/common_runtime/gpu/gpu_device.cc:2251] Cannot dlopen some GPU libraries. Please make sure the missing libraries mentioned above are installed properly if you would like to use GPU. Follow the guide at https://www.tensorflow.org/install/gpu for how to download and setup the required libraries for your platform.\n",
      "Skipping registering GPU devices...\n",
      "2024-06-21 01:14:32.751999: I tensorflow/compiler/mlir/mlir_graph_optimization_pass.cc:388] MLIR V1 optimization pass is not enabled\n"
     ]
    },
    {
     "name": "stdout",
     "output_type": "stream",
     "text": [
      "mm keeravani\n",
      "SS Thaman\n",
      "devi sri prasad\n"
     ]
    },
    {
     "name": "stderr",
     "output_type": "stream",
     "text": [
      "/tmp/ipykernel_1372068/1747046026.py:10: UserWarning: PySoundFile failed. Trying audioread instead.\n",
      "  y, sr = librosa.load(file_path, sr=sample_rate)\n",
      "/home/rohitsangubotla/Documents/Projects/Music_Similarity/.venv/lib/python3.10/site-packages/librosa/core/audio.py:184: FutureWarning: librosa.core.audio.__audioread_load\n",
      "\tDeprecated as of librosa version 0.10.0.\n",
      "\tIt will be removed in librosa version 1.0.\n",
      "  y, sr_native = __audioread_load(path, offset, duration, dtype)\n"
     ]
    },
    {
     "name": "stdout",
     "output_type": "stream",
     "text": [
      "ar rahman\n",
      "50\n"
     ]
    }
   ],
   "source": [
    "embeddings = []\n",
    "\n",
    "for folder in os.listdir(DATASET_DIR):\n",
    "    print(folder)\n",
    "    folder = os.path.join(DATASET_DIR,folder)\n",
    "    file_embeddings = process_dataset(folder)\n",
    "    for file_path, embedding in file_embeddings:\n",
    "        embeddings.append(embedding)\n",
    "\n",
    "print(len(embeddings))\n",
    "embeddings = np.array(embeddings)\n",
    "embeddings_matrix = np.vstack([emb for emb in embeddings]) \n",
    "similarities = cosine_similarity(embeddings_matrix)"
   ]
  },
  {
   "cell_type": "code",
   "execution_count": 7,
   "metadata": {},
   "outputs": [
    {
     "name": "stdout",
     "output_type": "stream",
     "text": [
      "(50, 50)\n",
      "Min value: 0.7357199788093567\n",
      "Max value: 1.0\n"
     ]
    },
    {
     "data": {
      "application/vnd.plotly.v1+json": {
       "config": {
        "plotlyServerURL": "https://plot.ly"
       },
       "data": [
        {
         "coloraxis": "coloraxis",
         "hovertemplate": "x: %{x}<br>y: %{y}<br>color: %{z}<extra></extra>",
         "name": "0",
         "type": "heatmap",
         "xaxis": "x",
         "yaxis": "y",
         "z": [
          [
           1,
           0.9887300133705139,
           0.9932299852371216,
           0.955020010471344,
           0.9652900099754333,
           0.9711999893188477,
           0.9586799740791321,
           0.9715999960899353,
           0.962939977645874,
           0.980650007724762,
           0.9467800259590149,
           0.9174000024795532,
           0.983210027217865,
           0.9584599733352661,
           0.9881899952888489,
           0.9540899991989136,
           0.9706900119781494,
           0.9467800259590149,
           0.9736300110816956,
           0.975380003452301,
           0.9770600199699402,
           0.9073500037193298,
           0.8959599733352661,
           0.9557200074195862,
           0.9360100030899048,
           0.987309992313385,
           0.9662899971008301,
           0.9564399719238281,
           0.9643599987030029,
           0.9614199995994568,
           0.995140016078949,
           0.9638400077819824,
           0.9567199945449829,
           0.9642199873924255,
           0.9452999830245972,
           0.9526000022888184,
           0.9789599776268005,
           0.9430400133132935,
           0.9415199756622314,
           0.9797999858856201,
           0.9602699875831604,
           0.9736400246620178,
           0.9370499849319458,
           0.9820600152015686,
           0.9917700290679932,
           0.9848399758338928,
           0.9880399703979492,
           0.9290400147438049,
           0.9614999890327454,
           0.9871500134468079
          ],
          [
           0.9887300133705139,
           1,
           0.9811099767684937,
           0.9417600035667419,
           0.9437999725341797,
           0.9528700113296509,
           0.9376500248908997,
           0.9848399758338928,
           0.9393900036811829,
           0.9755200147628784,
           0.9164100289344788,
           0.88850998878479,
           0.9826700091362,
           0.9462900161743164,
           0.9948300123214722,
           0.9750800132751465,
           0.9609400033950806,
           0.9164100289344788,
           0.9843800067901611,
           0.9808400273323059,
           0.9928600192070007,
           0.8667500019073486,
           0.8967199921607971,
           0.9343299865722656,
           0.9179999828338623,
           0.9742100238800049,
           0.9762200117111206,
           0.9712899923324585,
           0.9700999855995178,
           0.9632999897003174,
           0.9916800260543823,
           0.9569900035858154,
           0.9632999897003174,
           0.9814500212669373,
           0.9689499735832214,
           0.9714999794960022,
           0.9619200229644775,
           0.9249399900436401,
           0.9682599902153015,
           0.9786199927330017,
           0.9766200184822083,
           0.9860000014305115,
           0.9648299813270569,
           0.9880300164222717,
           0.9905800223350525,
           0.9947900176048279,
           0.9779899716377258,
           0.9038500189781189,
           0.9382699728012085,
           0.9960799813270569
          ],
          [
           0.9932299852371216,
           0.9811099767684937,
           1,
           0.9661499857902527,
           0.9734899997711182,
           0.9797400236129761,
           0.9747300148010254,
           0.9666100144386292,
           0.9720100164413452,
           0.9829400181770325,
           0.9597899913787842,
           0.9426000118255615,
           0.985759973526001,
           0.9783499836921692,
           0.9842900037765503,
           0.9496600031852722,
           0.9830600023269653,
           0.9597899913787842,
           0.9682599902153015,
           0.9769300222396851,
           0.9765400290489197,
           0.9220799803733826,
           0.9010499715805054,
           0.9707099795341492,
           0.9529600143432617,
           0.9945700168609619,
           0.9662200212478638,
           0.9524499773979187,
           0.9592199921607971,
           0.9642300009727478,
           0.9956600069999695,
           0.9747300148010254,
           0.9581500291824341,
           0.9594399929046631,
           0.9344800114631653,
           0.9464100003242493,
           0.9845700263977051,
           0.9656199812889099,
           0.9343500137329102,
           0.9807500243186951,
           0.9549700021743774,
           0.9740300178527832,
           0.922029972076416,
           0.9872699975967407,
           0.9884700179100037,
           0.983460009098053,
           0.996999979019165,
           0.9464700222015381,
           0.9712399840354919,
           0.9840499758720398
          ],
          [
           0.955020010471344,
           0.9417600035667419,
           0.9661499857902527,
           1,
           0.9836000204086304,
           0.9909999966621399,
           0.9823700189590454,
           0.966189980506897,
           0.9704899787902832,
           0.9866600036621094,
           0.9653099775314331,
           0.9521499872207642,
           0.9700800180435181,
           0.9888899922370911,
           0.9646400213241577,
           0.9025499820709229,
           0.9927300214767456,
           0.9653099775314331,
           0.9411799907684326,
           0.9565600156784058,
           0.9317200183868408,
           0.9485999941825867,
           0.9178000092506409,
           0.9907699823379517,
           0.9712600111961365,
           0.9698100090026855,
           0.9140700101852417,
           0.9412299990653992,
           0.9020100235939026,
           0.9306300282478333,
           0.964900016784668,
           0.983709990978241,
           0.946940004825592,
           0.9149799942970276,
           0.8906499743461609,
           0.8909100294113159,
           0.9741600155830383,
           0.9759500026702881,
           0.8907099962234497,
           0.9443699717521667,
           0.9130399823188782,
           0.9411399960517883,
           0.8655999898910522,
           0.9591100215911865,
           0.9506800174713135,
           0.949400007724762,
           0.9665600061416626,
           0.9668599963188171,
           0.9783200025558472,
           0.9449099898338318
          ],
          [
           0.9652900099754333,
           0.9437999725341797,
           0.9734899997711182,
           0.9836000204086304,
           1,
           0.9952999949455261,
           0.9932500123977661,
           0.945169985294342,
           0.9920499920845032,
           0.9779599905014038,
           0.9920200109481812,
           0.9802299737930298,
           0.9552299976348877,
           0.9764299988746643,
           0.9571999907493591,
           0.8834499716758728,
           0.9819899797439575,
           0.9920200109481812,
           0.9214299917221069,
           0.9344300031661987,
           0.9262300133705139,
           0.9798099994659424,
           0.8623499870300293,
           0.9945600032806396,
           0.989579975605011,
           0.9844099879264832,
           0.9000999927520752,
           0.9066799879074097,
           0.8920800089836121,
           0.9038299918174744,
           0.9671000242233276,
           0.9600200057029724,
           0.9129999876022339,
           0.8976899981498718,
           0.8634799718856812,
           0.8737000226974487,
           0.9951300024986267,
           0.9879900217056274,
           0.8638700246810913,
           0.9318600296974182,
           0.8902199864387512,
           0.9246000051498413,
           0.8469499945640564,
           0.9487800002098083,
           0.9482700228691101,
           0.9487500190734863,
           0.9809399843215942,
           0.9904199838638306,
           0.9985799789428711,
           0.9422299861907959
          ],
          [
           0.9711999893188477,
           0.9528700113296509,
           0.9797400236129761,
           0.9909999966621399,
           0.9952999949455261,
           1,
           0.9909700155258179,
           0.9576799869537354,
           0.9900000095367432,
           0.9864100217819214,
           0.983739972114563,
           0.9723899960517883,
           0.9694899916648865,
           0.9839000105857849,
           0.9683099985122681,
           0.9027600288391113,
           0.9927200078964233,
           0.983739972114563,
           0.9438599944114685,
           0.9562399983406067,
           0.9391899704933167,
           0.9671599864959717,
           0.8991000056266785,
           0.9927999973297119,
           0.9857900142669678,
           0.983709990978241,
           0.9155899882316589,
           0.9275299906730652,
           0.9037899971008301,
           0.9251499772071838,
           0.9740899801254272,
           0.975849986076355,
           0.9391000270843506,
           0.9143199920654297,
           0.8890799880027771,
           0.8911799788475037,
           0.9913300275802612,
           0.9864699840545654,
           0.8902999758720398,
           0.9462900161743164,
           0.9128100275993347,
           0.9414499998092651,
           0.8670200109481812,
           0.9652000069618225,
           0.9589099884033203,
           0.9583200216293335,
           0.9825599789619446,
           0.982479989528656,
           0.9940999746322632,
           0.9569600224494934
          ],
          [
           0.9586799740791321,
           0.9376500248908997,
           0.9747300148010254,
           0.9823700189590454,
           0.9932500123977661,
           0.9909700155258179,
           1,
           0.9392899870872498,
           0.9879099726676941,
           0.9721800088882446,
           0.9925900101661682,
           0.982729971408844,
           0.9563500285148621,
           0.9867799878120422,
           0.9553999900817871,
           0.8875799775123596,
           0.9848899841308594,
           0.9925900101661682,
           0.9152299761772156,
           0.9405999779701233,
           0.9285500049591064,
           0.9761099815368652,
           0.8635900020599365,
           0.9954599738121033,
           0.9853399991989136,
           0.986329972743988,
           0.909600019454956,
           0.9063000082969666,
           0.9000099897384644,
           0.9154099822044373,
           0.9650899767875671,
           0.9653000235557556,
           0.9158499836921692,
           0.9011499881744385,
           0.8644099831581116,
           0.8788700103759766,
           0.9913899898529053,
           0.9888299703598022,
           0.8651999831199646,
           0.9387500286102295,
           0.8928599953651428,
           0.9301300048828125,
           0.8461400270462036,
           0.9505400061607361,
           0.9460800290107727,
           0.9464799761772156,
           0.9819599986076355,
           0.9874200224876404,
           0.9938600063323975,
           0.9383400082588196
          ],
          [
           0.9715999960899353,
           0.9848399758338928,
           0.9666100144386292,
           0.966189980506897,
           0.945169985294342,
           0.9576799869537354,
           0.9392899870872498,
           1,
           0.9320499897003174,
           0.9843299984931946,
           0.910610020160675,
           0.8835499882698059,
           0.9842600226402283,
           0.9607700109481812,
           0.9928900003433228,
           0.9647499918937683,
           0.9711300134658813,
           0.910610020160675,
           0.981440007686615,
           0.9815400242805481,
           0.9785599708557129,
           0.8683099746704102,
           0.9244300127029419,
           0.9452400207519531,
           0.9205499887466431,
           0.9615300297737122,
           0.9632800221443176,
           0.9849200248718262,
           0.9554499983787537,
           0.9615700244903564,
           0.9814900159835815,
           0.9726899862289429,
           0.9755799770355225,
           0.9734100103378296,
           0.9634600281715393,
           0.9572399854660034,
           0.9513800144195557,
           0.9272500276565552,
           0.9603899717330933,
           0.9705399870872498,
           0.9690799713134766,
           0.9817299842834473,
           0.9523800015449524,
           0.9818999767303467,
           0.9781100153923035,
           0.9841700196266174,
           0.9622799754142761,
           0.9053900241851807,
           0.936460018157959,
           0.9816499948501587
          ],
          [
           0.962939977645874,
           0.9393900036811829,
           0.9720100164413452,
           0.9704899787902832,
           0.9920499920845032,
           0.9900000095367432,
           0.9879099726676941,
           0.9320499897003174,
           1,
           0.9625700116157532,
           0.9925199747085571,
           0.9800300002098083,
           0.9412800073623657,
           0.9667699933052063,
           0.9506000280380249,
           0.8669000267982483,
           0.9728699922561646,
           0.9925199747085571,
           0.9214299917221069,
           0.9310200214385986,
           0.918720006942749,
           0.9794700145721436,
           0.8494399785995483,
           0.9822400212287903,
           0.9920300245285034,
           0.9779199957847595,
           0.8871700167655945,
           0.888159990310669,
           0.879010021686554,
           0.8906599879264832,
           0.9595299959182739,
           0.9429000020027161,
           0.905019998550415,
           0.8827300071716309,
           0.8542699813842773,
           0.8564900159835815,
           0.9931899905204773,
           0.9818800091743469,
           0.8533200025558472,
           0.9178900122642517,
           0.876039981842041,
           0.9131399989128113,
           0.831849992275238,
           0.9447100162506104,
           0.9376699924468994,
           0.9386199712753296,
           0.9777299761772156,
           0.9892600178718567,
           0.9942799806594849,
           0.9431899785995483
          ],
          [
           0.980650007724762,
           0.9755200147628784,
           0.9829400181770325,
           0.9866600036621094,
           0.9779599905014038,
           0.9864100217819214,
           0.9721800088882446,
           0.9843299984931946,
           0.9625700116157532,
           1,
           0.9509400129318237,
           0.9361100196838379,
           0.9921500086784363,
           0.9812899827957153,
           0.9864799976348877,
           0.9500600099563599,
           0.9923999905586243,
           0.9509400129318237,
           0.9691100120544434,
           0.977429986000061,
           0.9670500159263611,
           0.921459972858429,
           0.9293500185012817,
           0.9799100160598755,
           0.9547899961471558,
           0.9821599721908569,
           0.9538599848747253,
           0.9713199734687805,
           0.9428899884223938,
           0.9584100246429443,
           0.9884600043296814,
           0.9889500141143799,
           0.9683700203895569,
           0.9578999876976013,
           0.9381899833679199,
           0.9408000111579895,
           0.9776700139045715,
           0.9673799872398376,
           0.9397799968719482,
           0.9747300148010254,
           0.954800009727478,
           0.973550021648407,
           0.9241399765014648,
           0.9832900166511536,
           0.981719970703125,
           0.9816300272941589,
           0.9820200204849243,
           0.9487599730491638,
           0.9722999930381775,
           0.9758999943733215
          ],
          [
           0.9467800259590149,
           0.9164100289344788,
           0.9597899913787842,
           0.9653099775314331,
           0.9920200109481812,
           0.983739972114563,
           0.9925900101661682,
           0.910610020160675,
           0.9925199747085571,
           0.9509400129318237,
           1,
           0.9859099984169006,
           0.927370011806488,
           0.9646400213241577,
           0.9326900243759155,
           0.8461300134658813,
           0.9644700288772583,
           1,
           0.8874499797821045,
           0.9093999862670898,
           0.8989599943161011,
           0.9918500185012817,
           0.8208699822425842,
           0.985539972782135,
           0.9876400232315063,
           0.9751099944114685,
           0.8727700114250183,
           0.8647400140762329,
           0.8669099807739258,
           0.8774300217628479,
           0.9456499814987183,
           0.9362199902534485,
           0.8794400095939636,
           0.8627700209617615,
           0.8234599828720093,
           0.8377400040626526,
           0.9891700148582458,
           0.9803500175476074,
           0.8220199942588806,
           0.9068099856376648,
           0.8541100025177002,
           0.8954100012779236,
           0.8051499724388123,
           0.9235699772834778,
           0.9234799742698669,
           0.9218999743461609,
           0.9693800210952759,
           0.9918400049209595,
           0.9944199919700623,
           0.9163299798965454
          ],
          [
           0.9174000024795532,
           0.88850998878479,
           0.9426000118255615,
           0.9521499872207642,
           0.9802299737930298,
           0.9723899960517883,
           0.982729971408844,
           0.8835499882698059,
           0.9800300002098083,
           0.9361100196838379,
           0.9859099984169006,
           1,
           0.9077900052070618,
           0.957610011100769,
           0.903410017490387,
           0.8221399784088135,
           0.9554600119590759,
           0.9859099984169006,
           0.8622199892997742,
           0.8849599957466125,
           0.8764899969100952,
           0.9838700294494629,
           0.8080800175666809,
           0.978380024433136,
           0.9894499778747559,
           0.9564300179481506,
           0.843940019607544,
           0.8385800123214722,
           0.8277300000190735,
           0.8467000126838684,
           0.9239400029182434,
           0.92221999168396,
           0.8574100136756897,
           0.8341699838638306,
           0.7904099822044373,
           0.8072400093078613,
           0.9721999764442444,
           0.9916300177574158,
           0.7981699705123901,
           0.8801699876785278,
           0.825659990310669,
           0.8711699843406677,
           0.7707099914550781,
           0.9092599749565125,
           0.8955699801445007,
           0.9022200107574463,
           0.9573799967765808,
           0.9941800236701965,
           0.9859899878501892,
           0.894569993019104
          ],
          [
           0.983210027217865,
           0.9826700091362,
           0.985759973526001,
           0.9700800180435181,
           0.9552299976348877,
           0.9694899916648865,
           0.9563500285148621,
           0.9842600226402283,
           0.9412800073623657,
           0.9921500086784363,
           0.927370011806488,
           0.9077900052070618,
           1,
           0.975380003452301,
           0.990880012512207,
           0.9756399989128113,
           0.9853600263595581,
           0.927370011806488,
           0.9807699918746948,
           0.9912499785423279,
           0.9827100038528442,
           0.8848000168800354,
           0.9417399764060974,
           0.9600099921226501,
           0.925599992275238,
           0.9792299866676331,
           0.9805499911308289,
           0.9861299991607666,
           0.9705100059509277,
           0.9847400188446045,
           0.9924200177192688,
           0.9905499815940857,
           0.9829400181770325,
           0.9815499782562256,
           0.9659500122070312,
           0.9704399704933167,
           0.9628199934959412,
           0.946399986743927,
           0.9662700295448303,
           0.9933300018310547,
           0.9803799986839294,
           0.9914600253105164,
           0.9534199833869934,
           0.9925100207328796,
           0.9929199814796448,
           0.9884700179100037,
           0.979960024356842,
           0.9166600108146667,
           0.9488300085067749,
           0.9846799969673157
          ],
          [
           0.9584599733352661,
           0.9462900161743164,
           0.9783499836921692,
           0.9888899922370911,
           0.9764299988746643,
           0.9839000105857849,
           0.9867799878120422,
           0.9607700109481812,
           0.9667699933052063,
           0.9812899827957153,
           0.9646400213241577,
           0.957610011100769,
           0.975380003452301,
           1,
           0.9665799736976624,
           0.9201400279998779,
           0.9934300184249878,
           0.9646400213241577,
           0.9404500126838684,
           0.9646499752998352,
           0.9486299753189087,
           0.9384099841117859,
           0.9101799726486206,
           0.9877499938011169,
           0.9646499752998352,
           0.980400025844574,
           0.9387500286102295,
           0.9425299763679504,
           0.9250500202178955,
           0.948710024356842,
           0.9734299778938293,
           0.9867799878120422,
           0.9514399766921997,
           0.9307299852371216,
           0.901199996471405,
           0.9110000133514404,
           0.9734699726104736,
           0.9796500205993652,
           0.9026299715042114,
           0.960099995136261,
           0.9267799854278564,
           0.955269992351532,
           0.8800299763679504,
           0.9702600240707397,
           0.9600600004196167,
           0.9597399830818176,
           0.9793400168418884,
           0.9605399966239929,
           0.9735400080680847,
           0.9520000219345093
          ],
          [
           0.9881899952888489,
           0.9948300123214722,
           0.9842900037765503,
           0.9646400213241577,
           0.9571999907493591,
           0.9683099985122681,
           0.9553999900817871,
           0.9928900003433228,
           0.9506000280380249,
           0.9864799976348877,
           0.9326900243759155,
           0.903410017490387,
           0.990880012512207,
           0.9665799736976624,
           1,
           0.9718599915504456,
           0.9778000116348267,
           0.9326900243759155,
           0.9849200248718262,
           0.9901599884033203,
           0.9887400269508362,
           0.8883600234985352,
           0.9169099926948547,
           0.9533600211143494,
           0.9325299859046936,
           0.9801499843597412,
           0.9758700132369995,
           0.9790300130844116,
           0.9695299863815308,
           0.9722300171852112,
           0.993340015411377,
           0.9757099747657776,
           0.975629985332489,
           0.9798600077629089,
           0.9675999879837036,
           0.9666500091552734,
           0.969510018825531,
           0.9386699795722961,
           0.9648200273513794,
           0.983680009841919,
           0.9760500192642212,
           0.9898300170898438,
           0.9576600193977356,
           0.9914900064468384,
           0.9909800291061401,
           0.993369996547699,
           0.9804499745368958,
           0.9199100136756897,
           0.9516699910163879,
           0.9929699897766113
          ],
          [
           0.9540899991989136,
           0.9750800132751465,
           0.9496600031852722,
           0.9025499820709229,
           0.8834499716758728,
           0.9027600288391113,
           0.8875799775123596,
           0.9647499918937683,
           0.8669000267982483,
           0.9500600099563599,
           0.8461300134658813,
           0.8221399784088135,
           0.9756399989128113,
           0.9201400279998779,
           0.9718599915504456,
           1,
           0.9321399927139282,
           0.8461300134658813,
           0.9684000015258789,
           0.9763699769973755,
           0.9874600172042847,
           0.7823100090026855,
           0.912310004234314,
           0.8866199851036072,
           0.8443499803543091,
           0.9361799955368042,
           0.9919999837875366,
           0.9814500212669373,
           0.9824299812316895,
           0.9814599752426147,
           0.9671900272369385,
           0.9500700235366821,
           0.9680399894714355,
           0.9950100183486938,
           0.9881299734115601,
           0.9967600107192993,
           0.9034600257873535,
           0.8738099932670593,
           0.9921299815177917,
           0.9835799932479858,
           0.9962599873542786,
           0.9906200170516968,
           0.9918100237846375,
           0.9769999980926514,
           0.9797400236129761,
           0.9818300008773804,
           0.9408800005912781,
           0.8292800188064575,
           0.8760700225830078,
           0.9745500087738037
          ],
          [
           0.9706900119781494,
           0.9609400033950806,
           0.9830600023269653,
           0.9927300214767456,
           0.9819899797439575,
           0.9927200078964233,
           0.9848899841308594,
           0.9711300134658813,
           0.9728699922561646,
           0.9923999905586243,
           0.9644700288772583,
           0.9554600119590759,
           0.9853600263595581,
           0.9934300184249878,
           0.9778000116348267,
           0.9321399927139282,
           1,
           0.9644700288772583,
           0.959119975566864,
           0.9759799838066101,
           0.9567899703979492,
           0.9386799931526184,
           0.9301699995994568,
           0.9879099726676941,
           0.9684799909591675,
           0.9826499819755554,
           0.9423499703407288,
           0.9553300142288208,
           0.9270899891853333,
           0.9533799886703491,
           0.98089998960495,
           0.9926000237464905,
           0.9641799926757812,
           0.9410200119018555,
           0.9192399978637695,
           0.9208199977874756,
           0.9798399806022644,
           0.9804999828338623,
           0.9220100045204163,
           0.96697998046875,
           0.9400299787521362,
           0.9644899964332581,
           0.8964999914169312,
           0.9804499745368958,
           0.9702100157737732,
           0.9700899720191956,
           0.9828699827194214,
           0.9630500078201294,
           0.9789999723434448,
           0.9669600129127502
          ],
          [
           0.9467800259590149,
           0.9164100289344788,
           0.9597899913787842,
           0.9653099775314331,
           0.9920200109481812,
           0.983739972114563,
           0.9925900101661682,
           0.910610020160675,
           0.9925199747085571,
           0.9509400129318237,
           1,
           0.9859099984169006,
           0.927370011806488,
           0.9646400213241577,
           0.9326900243759155,
           0.8461300134658813,
           0.9644700288772583,
           1,
           0.8874499797821045,
           0.9093999862670898,
           0.8989599943161011,
           0.9918500185012817,
           0.8208699822425842,
           0.985539972782135,
           0.9876400232315063,
           0.9751099944114685,
           0.8727700114250183,
           0.8647400140762329,
           0.8669099807739258,
           0.8774300217628479,
           0.9456499814987183,
           0.9362199902534485,
           0.8794400095939636,
           0.8627700209617615,
           0.8234599828720093,
           0.8377400040626526,
           0.9891700148582458,
           0.9803500175476074,
           0.8220199942588806,
           0.9068099856376648,
           0.8541100025177002,
           0.8954100012779236,
           0.8051499724388123,
           0.9235699772834778,
           0.9234799742698669,
           0.9218999743461609,
           0.9693800210952759,
           0.9918400049209595,
           0.9944199919700623,
           0.9163299798965454
          ],
          [
           0.9736300110816956,
           0.9843800067901611,
           0.9682599902153015,
           0.9411799907684326,
           0.9214299917221069,
           0.9438599944114685,
           0.9152299761772156,
           0.981440007686615,
           0.9214299917221069,
           0.9691100120544434,
           0.8874499797821045,
           0.8622199892997742,
           0.9807699918746948,
           0.9404500126838684,
           0.9849200248718262,
           0.9684000015258789,
           0.959119975566864,
