{
 "cells": [
  {
   "cell_type": "markdown",
   "metadata": {},
   "source": [
    "# Music Similarity Detection\n",
    "In this notebook, we will detect similarity of music for a given dataset of songs. The dataset is 20 telugu songs in mp3 format. The MusiCNN model is used for evaluating similarity between the songs.\n",
    "Evaluation metrics such as average precision@10, MAP@10, and MAP@50 will be computed across the entire dataset."
   ]
  },
  {
   "cell_type": "markdown",
   "metadata": {},
   "source": [
    "### Step 1: Import necessary libraries"
   ]
  },
  {
   "cell_type": "code",
   "execution_count": 1,
   "metadata": {},
   "outputs": [
    {
     "name": "stderr",
     "output_type": "stream",
     "text": [
      "2024-06-11 17:10:05.041320: I tensorflow/core/util/port.cc:113] oneDNN custom operations are on. You may see slightly different numerical results due to floating-point round-off errors from different computation orders. To turn them off, set the environment variable `TF_ENABLE_ONEDNN_OPTS=0`.\n",
      "2024-06-11 17:10:05.079071: I tensorflow/core/platform/cpu_feature_guard.cc:210] This TensorFlow binary is optimized to use available CPU instructions in performance-critical operations.\n",
      "To enable the following instructions: AVX2 AVX_VNNI FMA, in other operations, rebuild TensorFlow with the appropriate compiler flags.\n",
      "2024-06-11 17:10:05.637521: W tensorflow/compiler/tf2tensorrt/utils/py_utils.cc:38] TF-TRT Warning: Could not find TensorRT\n"
     ]
    }
   ],
   "source": [
    "import os\n",
    "import numpy as np\n",
    "import librosa\n",
    "import tensorflow as tf\n",
    "from sklearn.metrics.pairwise import cosine_similarity\n",
    "from sklearn.preprocessing import MultiLabelBinarizer\n",
    "import plotly.express as px\n",
    "import pandas as pd\n",
    "from plotly.subplots import make_subplots\n",
    "import plotly.graph_objects as go\n",
    "import json"
   ]
  },
  {
   "cell_type": "markdown",
   "metadata": {},
   "source": [
    "### Step 2: Download model and define paths"
   ]
  },
  {
   "cell_type": "markdown",
   "metadata": {},
   "source": [
    "Download the model and move to 'model' directory.\n",
    "This step is not necessary if the model has already been downloaded."
   ]
  },
  {
   "cell_type": "code",
   "execution_count": 83,
   "metadata": {},
   "outputs": [
    {
     "name": "stdout",
     "output_type": "stream",
     "text": [
      "  % Total    % Received % Xferd  Average Speed   Time    Time     Time  Current\n",
      "                                 Dload  Upload   Total   Spent    Left  Speed\n",
      "100  3101  100  3101    0     0   2226      0  0:00:01  0:00:01 --:--:--  2227\n",
      "  % Total    % Received % Xferd  Average Speed   Time    Time     Time  Current\n",
      "                                 Dload  Upload   Total   Spent    Left  Speed\n",
      "100 3166k  100 3166k    0     0   111k      0  0:00:28  0:00:28 --:--:--  109k\n"
     ]
    }
   ],
   "source": [
    "!curl -SLO https://essentia.upf.edu/models/classifiers/genre_tzanetakis/genre_tzanetakis-musicnn-msd-1.json\n",
    "!curl -SLO https://essentia.upf.edu/models/classifiers/genre_tzanetakis/genre_tzanetakis-musicnn-msd-1.pb"
   ]
  },
  {
   "cell_type": "code",
   "execution_count": 26,
   "metadata": {},
   "outputs": [],
   "source": [
    "MUSICNN_SR = 16000\n",
    "DATASET_DIR = '../dataset/mp3'"
   ]
  },
  {
   "cell_type": "code",
   "execution_count": 27,
   "metadata": {},
   "outputs": [
    {
     "name": "stdout",
     "output_type": "stream",
     "text": [
      "name: genre GTZAN\n",
      "type: multi-class classifier\n",
      "link: https://essentia.upf.edu/models/classifiers/genre_tzanetakis/genre_tzanetakis-musicnn-msd-1.pb\n",
      "version: 1\n",
      "description: classification of music by genre\n",
      "author: Pablo Alonso\n",
      "email: pablo.alonso@upf.edu\n",
      "release_date: 2020-03-31\n",
      "framework: tensorflow\n",
      "framework_version: 1.15.0\n",
      "classes: ['blu', 'cla', 'cou', 'dis', 'hip', 'jaz', 'met', 'pop', 'reg', 'roc']\n",
      "model_types: ['frozen_model']\n",
      "dataset: {'name': 'the GTZAN Genre Collection', 'citation': '@article{tzanetakis2002musical,\\n  title={Musical genre classification of audio signals},\\n  author={Tzanetakis, George and Cook, Perry},\\n  journal={IEEE Transactions on speech and audio processing},\\n  volume={10},\\n  number={5},\\n  pages={293--302},\\n  year={2002},\\n  publisher={IEEE}\\n}', 'size': '1000 track excerpts, 100 per genre', 'metrics': {'5-fold_cross_validation_normalized_accuracy': 0.83}}\n",
      "schema: {'inputs': [{'name': 'model/Placeholder', 'type': 'float', 'shape': [187, 96]}], 'outputs': [{'name': 'model/Sigmoid', 'type': 'float', 'shape': [1, 10], 'op': 'Sigmoid', 'output_purpose': 'predictions'}, {'name': 'model/dense_2/BiasAdd', 'type': 'float', 'shape': [1, 10], 'op': 'fully connected', 'description': 'logits', 'output_purpose': ''}, {'name': 'model/dense_1/BiasAdd', 'type': 'float', 'shape': [1, 100], 'op': 'fully connected', 'description': 'penultimate layer', 'output_purpose': ''}, {'name': 'model/dense/BiasAdd', 'type': 'float', 'shape': [1, 200], 'op': 'fully connected', 'output_purpose': 'embeddings'}]}\n",
      "citation: @inproceedings{alonso2020tensorflow,\n",
      "  title={Tensorflow Audio Models in Essentia},\n",
      "  author={Alonso-Jim{\\'e}nez, Pablo and Bogdanov, Dmitry and Pons, Jordi and Serra, Xavier},\n",
      "  booktitle={IEEE International Conference on Acoustics, Speech and Signal Processing (ICASSP)},\n",
      "  year={2020}\n",
      "}\n",
      "inference: {'sample_rate': 16000, 'algorithm': 'TensorflowPredictMusiCNN'}\n"
     ]
    }
   ],
   "source": [
    "MODEL_NAME = '../model/genre_tzanetakis-musicnn-msd-1'\n",
    "MODEL_JSON = f'{MODEL_NAME}.json'\n",
    "MODEL_PB = f'{MODEL_NAME}.pb'\n",
    "\n",
    "musicnn_metadata = json.load(open(MODEL_JSON, 'r'))\n",
    "for k, v in musicnn_metadata.items():\n",
    "    print('{}: {}'.format(k , v))"
   ]
  },
  {
   "cell_type": "markdown",
   "metadata": {},
   "source": [
    "We can observe the output of the penultimate dense layer is proposed as embeddings. \n",
    "We will use it to extract songs embeddings from our dataset."
   ]
  },
  {
   "cell_type": "markdown",
   "metadata": {},
   "source": [
    "### Step 3: Define genres for each song"
   ]
  },
  {
   "cell_type": "code",
   "execution_count": 28,
   "metadata": {},
   "outputs": [],
   "source": [
    "genres = [\n",
    "    ['Romantic', 'Melody'], # Allantha Doorala 0\n",
    "    ['Romantic', 'Melody'], # Pranavalaya 1\n",
    "    ['Romantic', 'Sad'], # Adiga Adiga 2\n",
    "    ['Romantic', 'Upbeat'], # Guruvaram 3\n",
    "    ['Romantic', 'Folk'],   # Ghal Ghal 4\n",
    "    ['Romantic', 'Melody'], # Ninnila 5\n",
    "    ['Mass', 'Inspirational'], # Hukum 6\n",
    "    ['Melody'], # Chinnari Thalli 7\n",
    "    ['Romantic', 'Melody'], # O Cheliya 8\n",
    "    ['Folk', 'Dance'],      # Naatu Naatu 9 \n",
    "    ['Folk', 'Dance'],      # Kurchi Madathapetti 10\n",
    "    ['Romantic', 'Upbeat'], # Urike Urike 11\n",
    "    ['Inspirational', 'Mass'], # Saahore Baahubali 12\n",
    "    ['Romantic', 'Melody'], # Nenani Neevani 13\n",
    "    ['Romantic', 'Melody'], # Manasavacha 14\n",
    "    ['Romantic', 'Melody'],       # Ammaadi 15\n",
    "    ['Romantic', 'Melody'], # Dheera Dheera 16\n",
    "    ['Melody'], # Pedave Palikina 17 \n",
    "    ['Romantic', 'Sad'],   # Oosupodu 18\n",
    "    ['Romantic', 'Melody'] # Sirivennela 19\n",
    "]"
   ]
  },
  {
   "cell_type": "markdown",
   "metadata": {},
   "source": [
    "### Step 4: Encode genres"
   ]
  },
  {
   "cell_type": "code",
   "execution_count": 29,
   "metadata": {},
   "outputs": [],
   "source": [
    "mlb = MultiLabelBinarizer()\n",
    "genre_labels = mlb.fit_transform(genres)"
   ]
  },
  {
   "cell_type": "markdown",
   "metadata": {},
   "source": [
    "### Step 5: Functions for loading and processing audio"
   ]
  },
  {
   "cell_type": "code",
   "execution_count": 32,
   "metadata": {},
   "outputs": [],
   "source": [
    "def load_model(pb_file_path):\n",
    "    with tf.io.gfile.GFile(pb_file_path, \"rb\") as f:\n",
    "        graph_def = tf.compat.v1.GraphDef()\n",
    "        graph_def.ParseFromString(f.read())\n",
    "    with tf.compat.v1.Graph().as_default() as graph:\n",
    "        tf.import_graph_def(graph_def, name=\"\")\n",
    "    return graph\n",
    "\n",
    "def preprocess_audio(file_path, sample_rate=MUSICNN_SR):\n",
    "    y, sr = librosa.load(file_path, sr=sample_rate)\n",
    "    mel_spec = librosa.feature.melspectrogram(y=y, sr=sr, n_mels=96, n_fft=2048, hop_length=512)\n",
    "    log_mel_spec = librosa.power_to_db(mel_spec, ref=np.max)\n",
    "    if log_mel_spec.shape[1] > 187:\n",
    "        log_mel_spec = log_mel_spec[:, :187]\n",
    "    else:\n",
    "        pad_width = 187 - log_mel_spec.shape[1]\n",
    "        log_mel_spec = np.pad(log_mel_spec, ((0, 0), (0, pad_width)), mode='constant')\n",
    "    return log_mel_spec.T[np.newaxis, :, :]\n",
    "\n",
    "def run_model(graph, input_data):\n",
    "    input_tensor = graph.get_tensor_by_name('model/Placeholder:0')\n",
    "    output_tensor = graph.get_tensor_by_name('model/dense/BiasAdd:0')\n",
    "    with tf.compat.v1.Session(graph=graph) as sess:\n",
    "        embeddings = sess.run(output_tensor, feed_dict={input_tensor: input_data})\n",
    "    return embeddings\n",
    "\n",
    "def extract_mean_embedding(filename):\n",
    "    audio_data = preprocess_audio(filename)\n",
    "    graph = load_model(MODEL_PB)\n",
    "    embeddings = run_model(graph, audio_data)\n",
    "    return embeddings\n",
    "\n",
    "def process_dataset(dataset_dir):\n",
    "    embeddings = []\n",
    "    for root, dirs, files in os.walk(dataset_dir):\n",
    "        for file in files:\n",
    "            if file.endswith('.mp3'):\n",
    "                file_path = os.path.join(root, file)\n",
    "                mean_embedding = extract_mean_embedding(file_path)\n",
    "                embeddings.append((file_path, mean_embedding))\n",
    "    return embeddings"
   ]
  },
  {
   "cell_type": "markdown",
   "metadata": {},
   "source": [
    "### Step 6: Process dataset and extract embeddings"
   ]
  },
  {
   "cell_type": "code",
   "execution_count": 34,
   "metadata": {},
   "outputs": [
    {
     "name": "stdout",
     "output_type": "stream",
     "text": [
      "File path: ../dataset/mp3/Allantha Doorala.mp3\n",
      "File path: ../dataset/mp3/Pranavalaya.mp3\n",
      "File path: ../dataset/mp3/Adiga Adiga.mp3\n",
      "File path: ../dataset/mp3/Guruvaram.mp3\n",
      "File path: ../dataset/mp3/Ghal Ghal Ghal Ghal.mp3\n",
      "File path: ../dataset/mp3/Ninnila.mp3\n",
      "File path: ../dataset/mp3/Hukum.mp3\n",
      "File path: ../dataset/mp3/Chinnari Thalli.mp3\n",
      "File path: ../dataset/mp3/O Cheliya.mp3\n",
      "File path: ../dataset/mp3/Nattu Nattu.mp3\n",
      "File path: ../dataset/mp3/Kurchi Madathapetti.mp3\n",
      "File path: ../dataset/mp3/Urike Urike.mp3\n",
      "File path: ../dataset/mp3/Saahore Baahubali.mp3\n",
      "File path: ../dataset/mp3/Nenani Neevani.mp3\n",
      "File path: ../dataset/mp3/Manasavacha.mp3\n",
      "File path: ../dataset/mp3/Ammaadi.mp3\n",
      "File path: ../dataset/mp3/Dheera Dheera Dheera.mp3\n",
      "File path: ../dataset/mp3/Pedave Palikina.mp3\n",
      "File path: ../dataset/mp3/Oosupodu.mp3\n",
      "File path: ../dataset/mp3/Sirivennela.mp3\n"
     ]
    }
   ],
   "source": [
    "file_embeddings = process_dataset(DATASET_DIR)\n",
    "embeddings = []\n",
    "for file_path, embedding in file_embeddings:\n",
    "    print(f'File path: {file_path}')\n",
    "    embeddings.append(embedding)\n",
    "\n",
    "embeddings = np.array(embeddings)\n",
    "embeddings_matrix = np.vstack([emb for emb in embeddings]) \n",
    "similarities = cosine_similarity(embeddings_matrix)"
   ]
  },
  {
   "cell_type": "code",
   "execution_count": 35,
   "metadata": {},
   "outputs": [
    {
     "name": "stdout",
     "output_type": "stream",
     "text": [
      "(20, 20)\n",
      "Min value: 0.649368166923523\n",
      "Max value: 1.000000238418579\n"
     ]
    },
    {
     "data": {
      "application/vnd.plotly.v1+json": {
       "config": {
        "plotlyServerURL": "https://plot.ly"
       },
       "data": [
        {
         "coloraxis": "coloraxis",
         "hovertemplate": "x: %{x}<br>y: %{y}<br>color: %{z}<extra></extra>",
         "name": "0",
         "type": "heatmap",
         "xaxis": "x",
         "yaxis": "y",
         "z": [
          [
           1,
           0.9551597237586975,
           0.7716628313064575,
           0.9917512536048889,
           0.857729971408844,
           0.9912732839584351,
           0.8731096982955933,
           0.6847937107086182,
           0.9603513479232788,
           0.9124870300292969,
           0.9746206998825073,
           0.9093645215034485,
           0.9272497296333313,
           0.736169695854187,
           0.9770756363868713,
           0.8190221786499023,
           0.9810540676116943,
           0.9772745966911316,
           0.9292566776275635,
           0.8976474404335022
          ],
          [
           0.9551597237586975,
           1.000000238418579,
           0.9109545946121216,
           0.9608505964279175,
           0.9673659205436707,
           0.968966007232666,
           0.9730039834976196,
           0.8413587808609009,
           0.9349597692489624,
           0.9771189093589783,
           0.9512888193130493,
           0.9877332448959351,
           0.9893323183059692,
           0.8828772902488708,
           0.9647356271743774,
           0.9428503513336182,
           0.9746503233909607,
           0.9797611236572266,
           0.9958191514015198,
           0.9836127161979675
          ],
          [
           0.7716628313064575,
           0.9109545946121216,
           1,
           0.7730861306190491,
           0.9749012589454651,
           0.7970479130744934,
           0.9788249731063843,
           0.984771192073822,
           0.7494838833808899,
           0.9380135536193848,
           0.7992354035377502,
           0.9566981196403503,
           0.9403371214866638,
           0.9957693815231323,
           0.7932238578796387,
           0.9950820207595825,
           0.8158869743347168,
           0.8291354179382324,
           0.9358554482460022,
           0.965971827507019
          ],
          [
           0.9917512536048889,
           0.9608505964279175,
           0.7730861306190491,
           0.9999996423721313,
           0.8692103624343872,
           0.993459165096283,
           0.8764196634292603,
           0.6773818135261536,
           0.9751959443092346,
           0.914639413356781,
           0.9666298627853394,
           0.917400598526001,
           0.9353926777839661,
           0.7354273796081543,
           0.9915570616722107,
           0.8219598531723022,
           0.9920270442962646,
           0.9905954003334045,
           0.9354035258293152,
           0.9020613431930542
          ],
          [
           0.857729971408844,
           0.9673659205436707,
           0.9749012589454651,
           0.8692103624343872,
           0.9999998807907104,
           0.8842926621437073,
           0.9931302666664124,
           0.9302579164505005,
           0.8514226675033569,
           0.975341796875,
           0.8754352927207947,
           0.9888998866081238,
           0.9827319979667664,
           0.9584716558456421,
           0.8872148990631104,
           0.9870827198028564,
           0.8998493552207947,
           0.9133657813072205,
           0.978897213935852,
           0.9914187788963318
          ],
          [
           0.9912732839584351,
           0.968966007232666,
           0.7970479130744934,
           0.993459165096283,
           0.8842926621437073,
           1,
           0.8942609429359436,
           0.7069212198257446,
           0.9814512133598328,
           0.9387518167495728,
           0.9856081008911133,
           0.9275304079055786,
           0.9464820623397827,
           0.7598934173583984,
           0.9913992285728455,
           0.8422195315361023,
           0.9929893016815186,
           0.9899239540100098,
           0.9459126591682434,
           0.915576159954071
          ],
          [
           0.8731096982955933,
           0.9730039834976196,
           0.9788249731063843,
           0.8764196634292603,
           0.9931302666664124,
           0.8942609429359436,
           1,
           0.938341498374939,
           0.8501407504081726,
           0.9758059978485107,
           0.8860747218132019,
           0.9924522638320923,
           0.9828435778617859,
           0.9636104106903076,
           0.8886491060256958,
           0.9924535751342773,
           0.9067099690437317,
           0.9167136549949646,
           0.9858433604240417,
           0.9967277646064758
          ],
          [
           0.6847937107086182,
           0.8413587808609009,
           0.984771192073822,
           0.6773818135261536,
           0.9302579164505005,
           0.7069212198257446,
           0.938341498374939,
           1.0000001192092896,
           0.649368166923523,
           0.8812983632087708,
           0.7167723774909973,
           0.9001898169517517,
           0.8783051371574402,
           0.9930270910263062,
           0.6924939155578613,
           0.968913733959198,
           0.7203041315078735,
           0.7386180758476257,
           0.8728905916213989,
           0.9164072871208191
          ],
          [
           0.9603513479232788,
           0.9349597692489624,
           0.7494838833808899,
           0.9751959443092346,
           0.8514226675033569,
           0.9814512133598328,
           0.8501407504081726,
           0.649368166923523,
           1.0000001192092896,
           0.9128203392028809,
           0.9763273596763611,
           0.8927571773529053,
           0.9188607931137085,
           0.7110455632209778,
           0.9871981739997864,
           0.795111358165741,
           0.9789860844612122,
           0.9762117266654968,
           0.9080299735069275,
           0.8765884041786194
          ],
          [
           0.9124870300292969,
           0.9771189093589783,
           0.9380135536193848,
           0.914639413356781,
           0.975341796875,
           0.9387518167495728,
           0.9758059978485107,
           0.8812983632087708,
           0.9128203392028809,
           1.0000001192092896,
           0.9441925287246704,
           0.9796450734138489,
           0.9907365441322327,
           0.9141515493392944,
           0.9321282505989075,
           0.9554731845855713,
           0.9403387308120728,
           0.9451907277107239,
           0.9753820300102234,
           0.9780743718147278
          ],
          [
           0.9746206998825073,
           0.9512888193130493,
           0.7992354035377502,
           0.9666298627853394,
           0.8754352927207947,
           0.9856081008911133,
           0.8860747218132019,
           0.7167723774909973,
           0.9763273596763611,
           0.9441925287246704,
           1,
           0.9143730401992798,
           0.9375121593475342,
           0.7648184299468994,
           0.9729907512664795,
           0.8370632529258728,
           0.9716076850891113,
           0.9662184715270996,
           0.9284093976020813,
           0.9060648083686829
          ],
          [
           0.9093645215034485,
           0.9877332448959351,
           0.9566981196403503,
           0.917400598526001,
           0.9888998866081238,
           0.9275304079055786,
           0.9924522638320923,
           0.9001898169517517,
           0.8927571773529053,
           0.9796450734138489,
           0.9143730401992798,
           1.000000238418579,
           0.9941378235816956,
           0.9377943873405457,
           0.9299695491790771,
           0.9763152003288269,
           0.9430334568023682,
           0.95257568359375,
           0.9933932423591614,
           0.9982918500900269
          ],
          [
           0.9272497296333313,
           0.9893323183059692,
           0.9403371214866638,
           0.9353926777839661,
           0.9827319979667664,
           0.9464820623397827,
           0.9828435778617859,
           0.8783051371574402,
           0.9188607931137085,
           0.9907365441322327,
           0.9375121593475342,
           0.9941378235816956,
           1.0000001192092896,
           0.917991578578949,
           0.9481785297393799,
           0.9615485072135925,
           0.9575347900390625,
           0.964352548122406,
           0.9878444671630859,
           0.9898536205291748
          ],
          [
           0.736169695854187,
           0.8828772902488708,
           0.9957693815231323,
           0.7354273796081543,
           0.9584716558456421,
           0.7598934173583984,
           0.9636104106903076,
           0.9930270910263062,
           0.7110455632209778,
           0.9141515493392944,
           0.7648184299468994,
           0.9377943873405457,
           0.917991578578949,
           1,
           0.7548608183860779,
           0.9859000444412231,
           0.7790632843971252,
           0.7966262698173523,
           0.9101712703704834,
           0.9490390419960022
          ],
          [
           0.9770756363868713,
           0.9647356271743774,
           0.7932238578796387,
           0.9915570616722107,
           0.8872148990631104,
           0.9913992285728455,
           0.8886491060256958,
           0.6924939155578613,
           0.9871981739997864,
           0.9321282505989075,
           0.9729907512664795,
           0.9299695491790771,
           0.9481785297393799,
           0.7548608183860779,
           0.9999996423721313,
           0.8371862173080444,
           0.9971977472305298,
           0.9945617914199829,
           0.942779004573822,
           0.9139679670333862
          ],
          [
           0.8190221786499023,
           0.9428503513336182,
           0.9950820207595825,
           0.8219598531723022,
           0.9870827198028564,
           0.8422195315361023,
           0.9924535751342773,
           0.968913733959198,
           0.795111358165741,
           0.9554731845855713,
           0.8370632529258728,
           0.9763152003288269,
           0.9615485072135925,
           0.9859000444412231,
           0.8371862173080444,
           1,
           0.8590224385261536,
           0.8706388473510742,
           0.9633172750473022,
           0.9835915565490723
          ],
          [
           0.9810540676116943,
           0.9746503233909607,
           0.8158869743347168,
           0.9920270442962646,
           0.8998493552207947,
           0.9929893016815186,
           0.9067099690437317,
           0.7203041315078735,
           0.9789860844612122,
           0.9403387308120728,
           0.9716076850891113,
           0.9430334568023682,
           0.9575347900390625,
           0.7790632843971252,
           0.9971977472305298,
           0.8590224385261536,
           0.9999999403953552,
           0.9960216283798218,
           0.9564844965934753,
           0.9289024472236633
          ],
          [
           0.9772745966911316,
           0.9797611236572266,
           0.8291354179382324,
           0.9905954003334045,
           0.9133657813072205,
           0.9899239540100098,
           0.9167136549949646,
           0.7386180758476257,
           0.9762117266654968,
           0.9451907277107239,
           0.9662184715270996,
           0.95257568359375,
           0.964352548122406,
           0.7966262698173523,
           0.9945617914199829,
           0.8706388473510742,
           0.9960216283798218,
           1,
           0.9621215462684631,
           0.9389125108718872
          ],
          [
           0.9292566776275635,
           0.9958191514015198,
           0.9358554482460022,
           0.9354035258293152,
           0.978897213935852,
           0.9459126591682434,
           0.9858433604240417,
           0.8728905916213989,
           0.9080299735069275,
           0.9753820300102234,
           0.9284093976020813,
           0.9933932423591614,
           0.9878444671630859,
           0.9101712703704834,
           0.942779004573822,
           0.9633172750473022,
           0.9564844965934753,
           0.9621215462684631,
           0.9999998807907104,
           0.9922506809234619
          ],
          [
           0.8976474404335022,
           0.9836127161979675,
           0.965971827507019,
           0.9020613431930542,
           0.9914187788963318,
           0.915576159954071,
           0.9967277646064758,
           0.9164072871208191,
           0.8765884041786194,
           0.9780743718147278,
           0.9060648083686829,
           0.9982918500900269,
           0.9898536205291748,
           0.9490390419960022,
           0.9139679670333862,
           0.9835915565490723,
           0.9289024472236633,
           0.9389125108718872,
           0.9922506809234619,
           0.9999998807907104
          ]
         ]
        }
       ],
       "layout": {
        "coloraxis": {
         "colorscale": [
          [
           0,
           "rgb(165,0,38)"
          ],
          [
           0.1,
           "rgb(215,48,39)"
          ],
          [
           0.2,
           "rgb(244,109,67)"
          ],
          [
           0.3,
           "rgb(253,174,97)"
          ],
          [
           0.4,
           "rgb(254,224,139)"
          ],
          [
           0.5,
           "rgb(255,255,191)"
          ],
          [
           0.6,
           "rgb(217,239,139)"
          ],
          [
           0.7,
           "rgb(166,217,106)"
          ],
          [
           0.8,
           "rgb(102,189,99)"
          ],
          [
           0.9,
           "rgb(26,152,80)"
          ],
          [
           1,
           "rgb(0,104,55)"
          ]
         ]
        },
        "margin": {
         "t": 60
        },
        "template": {
         "data": {
          "bar": [
           {
            "error_x": {
             "color": "#2a3f5f"
            },
            "error_y": {
             "color": "#2a3f5f"
            },
            "marker": {
             "line": {
              "color": "#E5ECF6",
              "width": 0.5
             },
             "pattern": {
              "fillmode": "overlay",
              "size": 10,
              "solidity": 0.2
             }
            },
            "type": "bar"
           }
          ],
          "barpolar": [
           {
            "marker": {
             "line": {
              "color": "#E5ECF6",
              "width": 0.5
             },
             "pattern": {
              "fillmode": "overlay",
              "size": 10,
              "solidity": 0.2
             }
            },
            "type": "barpolar"
           }
          ],
          "carpet": [
           {
            "aaxis": {
             "endlinecolor": "#2a3f5f",
             "gridcolor": "white",
             "linecolor": "white",
             "minorgridcolor": "white",
             "startlinecolor": "#2a3f5f"
            },
            "baxis": {
             "endlinecolor": "#2a3f5f",
             "gridcolor": "white",
             "linecolor": "white",
             "minorgridcolor": "white",
             "startlinecolor": "#2a3f5f"
            },
            "type": "carpet"
           }
          ],
          "choropleth": [
           {
            "colorbar": {
             "outlinewidth": 0,
             "ticks": ""
            },
            "type": "choropleth"
           }
          ],
          "contour": [
           {
            "colorbar": {
             "outlinewidth": 0,
             "ticks": ""
            },
            "colorscale": [
             [
              0,
              "#0d0887"
             ],
             [
              0.1111111111111111,
              "#46039f"
             ],
             [
              0.2222222222222222,
              "#7201a8"
             ],
             [
              0.3333333333333333,
              "#9c179e"
             ],
             [
              0.4444444444444444,
              "#bd3786"
             ],
             [
              0.5555555555555556,
              "#d8576b"
             ],
             [
              0.6666666666666666,
              "#ed7953"
             ],
             [
              0.7777777777777778,
              "#fb9f3a"
             ],
             [
              0.8888888888888888,
              "#fdca26"
             ],
             [
              1,
              "#f0f921"
             ]
            ],
            "type": "contour"
           }
          ],
          "contourcarpet": [
           {
            "colorbar": {
             "outlinewidth": 0,
             "ticks": ""
            },
            "type": "contourcarpet"
           }
          ],
          "heatmap": [
           {
            "colorbar": {
             "outlinewidth": 0,
             "ticks": ""
            },
            "colorscale": [
             [
              0,
              "#0d0887"
             ],
             [
              0.1111111111111111,
              "#46039f"
             ],
             [
              0.2222222222222222,
              "#7201a8"
             ],
             [
              0.3333333333333333,
              "#9c179e"
             ],
             [
              0.4444444444444444,
              "#bd3786"
             ],
             [
              0.5555555555555556,
              "#d8576b"
             ],
             [
              0.6666666666666666,
              "#ed7953"
             ],
             [
              0.7777777777777778,
              "#fb9f3a"
             ],
             [
              0.8888888888888888,
              "#fdca26"
             ],
             [
              1,
              "#f0f921"
             ]
            ],
            "type": "heatmap"
           }
          ],
          "heatmapgl": [
           {
            "colorbar": {
             "outlinewidth": 0,
             "ticks": ""
            },
            "colorscale": [
             [
              0,
              "#0d0887"
             ],
             [
              0.1111111111111111,
              "#46039f"
             ],
             [
              0.2222222222222222,
              "#7201a8"
             ],
             [
              0.3333333333333333,
              "#9c179e"
             ],
             [
              0.4444444444444444,
              "#bd3786"
             ],
             [
              0.5555555555555556,
              "#d8576b"
             ],
             [
              0.6666666666666666,
              "#ed7953"
             ],
             [
              0.7777777777777778,
              "#fb9f3a"
             ],
             [
              0.8888888888888888,
              "#fdca26"
             ],
             [
              1,
              "#f0f921"
             ]
            ],
            "type": "heatmapgl"
           }
          ],
          "histogram": [
           {
            "marker": {
             "pattern": {
              "fillmode": "overlay",
              "size": 10,
              "solidity": 0.2
             }
            },
            "type": "histogram"
           }
          ],
          "histogram2d": [
           {
            "colorbar": {
             "outlinewidth": 0,
             "ticks": ""
            },
            "colorscale": [
             [
              0,
              "#0d0887"
             ],
             [
              0.1111111111111111,
              "#46039f"
             ],
             [
              0.2222222222222222,
              "#7201a8"
             ],
             [
              0.3333333333333333,
              "#9c179e"
             ],
             [
              0.4444444444444444,
              "#bd3786"
             ],
             [
              0.5555555555555556,
              "#d8576b"
             ],
             [
              0.6666666666666666,
              "#ed7953"
             ],
             [
              0.7777777777777778,
              "#fb9f3a"
             ],
             [
              0.8888888888888888,
              "#fdca26"
             ],
             [
              1,
              "#f0f921"
             ]
            ],
            "type": "histogram2d"
           }
          ],
          "histogram2dcontour": [
           {
            "colorbar": {
             "outlinewidth": 0,
             "ticks": ""
            },
            "colorscale": [
             [
              0,
              "#0d0887"
             ],
             [
              0.1111111111111111,
              "#46039f"
             ],
             [
              0.2222222222222222,
              "#7201a8"
             ],
             [
              0.3333333333333333,
              "#9c179e"
             ],
             [
              0.4444444444444444,
              "#bd3786"
             ],
             [
              0.5555555555555556,
              "#d8576b"
             ],
             [
              0.6666666666666666,
              "#ed7953"
             ],
             [
              0.7777777777777778,
              "#fb9f3a"
             ],
             [
              0.8888888888888888,
              "#fdca26"
             ],
             [
              1,
              "#f0f921"
             ]
            ],
            "type": "histogram2dcontour"
           }
          ],
          "mesh3d": [
           {
            "colorbar": {
             "outlinewidth": 0,
             "ticks": ""
            },
            "type": "mesh3d"
           }
          ],
          "parcoords": [
           {
            "line": {
             "colorbar": {
              "outlinewidth": 0,
              "ticks": ""
             }
            },
            "type": "parcoords"
           }
          ],
          "pie": [
           {
            "automargin": true,
            "type": "pie"
           }
          ],
          "scatter": [
           {
            "fillpattern": {
             "fillmode": "overlay",
             "size": 10,
             "solidity": 0.2
            },
            "type": "scatter"
           }
          ],
          "scatter3d": [
           {
            "line": {
             "colorbar": {
              "outlinewidth": 0,
              "ticks": ""
             }
            },
            "marker": {
             "colorbar": {
              "outlinewidth": 0,
              "ticks": ""
             }
            },
            "type": "scatter3d"
           }
          ],
          "scattercarpet": [
           {
            "marker": {
             "colorbar": {
              "outlinewidth": 0,
              "ticks": ""
             }
            },
            "type": "scattercarpet"
           }
          ],
          "scattergeo": [
           {
            "marker": {
             "colorbar": {
              "outlinewidth": 0,
              "ticks": ""
             }
            },
            "type": "scattergeo"
           }
          ],
          "scattergl": [
           {
            "marker": {
             "colorbar": {
              "outlinewidth": 0,
              "ticks": ""
             }
            },
            "type": "scattergl"
           }
          ],
          "scattermapbox": [
           {
            "marker": {
             "colorbar": {
              "outlinewidth": 0,
              "ticks": ""
             }
            },
            "type": "scattermapbox"
           }
          ],
          "scatterpolar": [
           {
            "marker": {
             "colorbar": {
              "outlinewidth": 0,
              "ticks": ""
             }
            },
            "type": "scatterpolar"
           }
          ],
          "scatterpolargl": [
           {
            "marker": {
             "colorbar": {
              "outlinewidth": 0,
              "ticks": ""
             }
            },
            "type": "scatterpolargl"
           }
          ],
          "scatterternary": [
           {
            "marker": {
             "colorbar": {
              "outlinewidth": 0,
              "ticks": ""
             }
            },
            "type": "scatterternary"
           }
          ],
          "surface": [
           {
            "colorbar": {
             "outlinewidth": 0,
             "ticks": ""
            },
            "colorscale": [
             [
              0,
              "#0d0887"
             ],
             [
              0.1111111111111111,
              "#46039f"
             ],
             [
              0.2222222222222222,
              "#7201a8"
             ],
             [
              0.3333333333333333,
              "#9c179e"
             ],
             [
              0.4444444444444444,
              "#bd3786"
             ],
             [
              0.5555555555555556,
              "#d8576b"
             ],
             [
              0.6666666666666666,
              "#ed7953"
             ],
             [
              0.7777777777777778,
              "#fb9f3a"
             ],
             [
              0.8888888888888888,
              "#fdca26"
             ],
             [
              1,
              "#f0f921"
             ]
            ],
            "type": "surface"
           }
          ],
          "table": [
           {
            "cells": {
             "fill": {
              "color": "#EBF0F8"
             },
             "line": {
              "color": "white"
             }
            },
            "header": {
             "fill": {
              "color": "#C8D4E3"
             },
             "line": {
              "color": "white"
             }
            },
            "type": "table"
           }
          ]
         },
         "layout": {
          "annotationdefaults": {
           "arrowcolor": "#2a3f5f",
           "arrowhead": 0,
           "arrowwidth": 1
          },
          "autotypenumbers": "strict",
          "coloraxis": {
           "colorbar": {
            "outlinewidth": 0,
            "ticks": ""
           }
          },
          "colorscale": {
           "diverging": [
            [
             0,
             "#8e0152"
            ],
            [
             0.1,
             "#c51b7d"
            ],
            [
             0.2,
             "#de77ae"
            ],
            [
             0.3,
             "#f1b6da"
            ],
            [
             0.4,
             "#fde0ef"
            ],
            [
             0.5,
             "#f7f7f7"
            ],
            [
             0.6,
             "#e6f5d0"
            ],
            [
             0.7,
             "#b8e186"
            ],
            [
             0.8,
             "#7fbc41"
            ],
            [
             0.9,
             "#4d9221"
            ],
            [
             1,
             "#276419"
            ]
           ],
           "sequential": [
            [
             0,
             "#0d0887"
            ],
            [
             0.1111111111111111,
             "#46039f"
            ],
            [
             0.2222222222222222,
             "#7201a8"
            ],
            [
             0.3333333333333333,
             "#9c179e"
            ],
            [
             0.4444444444444444,
