{
 "cells": [
  {
   "cell_type": "markdown",
   "metadata": {},
   "source": [
    "### Step 1: Import necessary libraries"
   ]
  },
  {
   "cell_type": "code",
   "execution_count": 2,
   "metadata": {},
   "outputs": [
    {
     "name": "stderr",
     "output_type": "stream",
     "text": [
      "2024-06-19 15:40:59.181566: I tensorflow/core/util/port.cc:113] oneDNN custom operations are on. You may see slightly different numerical results due to floating-point round-off errors from different computation orders. To turn them off, set the environment variable `TF_ENABLE_ONEDNN_OPTS=0`.\n",
      "2024-06-19 15:40:59.217442: I tensorflow/core/platform/cpu_feature_guard.cc:210] This TensorFlow binary is optimized to use available CPU instructions in performance-critical operations.\n",
      "To enable the following instructions: AVX2 AVX_VNNI FMA, in other operations, rebuild TensorFlow with the appropriate compiler flags.\n",
      "2024-06-19 15:40:59.742079: W tensorflow/compiler/tf2tensorrt/utils/py_utils.cc:38] TF-TRT Warning: Could not find TensorRT\n"
     ]
    }
   ],
   "source": [
    "import os\n",
    "import numpy as np\n",
    "import librosa\n",
    "import tensorflow as tf\n",
    "from sklearn.metrics.pairwise import cosine_similarity\n",
    "from sklearn.preprocessing import MultiLabelBinarizer\n",
    "import plotly.express as px\n",
    "import pandas as pd\n",
    "from plotly.subplots import make_subplots\n",
    "import plotly.graph_objects as go\n",
    "import json"
   ]
  },
  {
   "cell_type": "markdown",
   "metadata": {},
   "source": [
    "### Step 2: Download model and define paths"
   ]
  },
  {
   "cell_type": "markdown",
   "metadata": {},
   "source": [
    "Download the model and move to 'model' directory. (skip this step if model is already downloaded)"
   ]
  },
  {
   "cell_type": "code",
   "execution_count": 3,
   "metadata": {},
   "outputs": [
    {
     "name": "stdout",
     "output_type": "stream",
     "text": [
      "  % Total    % Received % Xferd  Average Speed   Time    Time     Time  Current\n",
      "                                 Dload  Upload   Total   Spent    Left  Speed\n",
      "100  3101  100  3101    0     0   2416      0  0:00:01  0:00:01 --:--:--  2416\n",
      "  % Total    % Received % Xferd  Average Speed   Time    Time     Time  Current\n",
      "                                 Dload  Upload   Total   Spent    Left  Speed\n",
      "  0     0    0     0    0     0      0      0 --:--:-- --:--:-- --:--:--     0^C\n"
     ]
    }
   ],
   "source": [
    "!curl -SLO https://essentia.upf.edu/models/classifiers/genre_tzanetakis/genre_tzanetakis-musicnn-msd-1.json\n",
    "!curl -SLO https://essentia.upf.edu/models/classifiers/genre_tzanetakis/genre_tzanetakis-musicnn-msd-1.pb"
   ]
  },
  {
   "cell_type": "code",
   "execution_count": 8,
   "metadata": {},
   "outputs": [],
   "source": [
    "MUSICNN_SR = 16000\n",
    "MODEL_PATH = '../model/genre_tzanetakis-musicnn-msd-1.pb'\n",
    "DATASET_DIR = '../dataset/other'"
   ]
  },
  {
   "cell_type": "code",
   "execution_count": 3,
   "metadata": {},
   "outputs": [
    {
     "name": "stdout",
     "output_type": "stream",
     "text": [
      "name: genre GTZAN\n",
      "type: multi-class classifier\n",
      "link: https://essentia.upf.edu/models/classifiers/genre_tzanetakis/genre_tzanetakis-musicnn-msd-1.pb\n",
      "version: 1\n",
      "description: classification of music by genre\n",
      "author: Pablo Alonso\n",
      "email: pablo.alonso@upf.edu\n",
      "release_date: 2020-03-31\n",
      "framework: tensorflow\n",
      "framework_version: 1.15.0\n",
      "classes: ['blu', 'cla', 'cou', 'dis', 'hip', 'jaz', 'met', 'pop', 'reg', 'roc']\n",
      "model_types: ['frozen_model']\n",
      "dataset: {'name': 'the GTZAN Genre Collection', 'citation': '@article{tzanetakis2002musical,\\n  title={Musical genre classification of audio signals},\\n  author={Tzanetakis, George and Cook, Perry},\\n  journal={IEEE Transactions on speech and audio processing},\\n  volume={10},\\n  number={5},\\n  pages={293--302},\\n  year={2002},\\n  publisher={IEEE}\\n}', 'size': '1000 track excerpts, 100 per genre', 'metrics': {'5-fold_cross_validation_normalized_accuracy': 0.83}}\n",
      "schema: {'inputs': [{'name': 'model/Placeholder', 'type': 'float', 'shape': [187, 96]}], 'outputs': [{'name': 'model/Sigmoid', 'type': 'float', 'shape': [1, 10], 'op': 'Sigmoid', 'output_purpose': 'predictions'}, {'name': 'model/dense_2/BiasAdd', 'type': 'float', 'shape': [1, 10], 'op': 'fully connected', 'description': 'logits', 'output_purpose': ''}, {'name': 'model/dense_1/BiasAdd', 'type': 'float', 'shape': [1, 100], 'op': 'fully connected', 'description': 'penultimate layer', 'output_purpose': ''}, {'name': 'model/dense/BiasAdd', 'type': 'float', 'shape': [1, 200], 'op': 'fully connected', 'output_purpose': 'embeddings'}]}\n",
      "citation: @inproceedings{alonso2020tensorflow,\n",
      "  title={Tensorflow Audio Models in Essentia},\n",
      "  author={Alonso-Jim{\\'e}nez, Pablo and Bogdanov, Dmitry and Pons, Jordi and Serra, Xavier},\n",
      "  booktitle={IEEE International Conference on Acoustics, Speech and Signal Processing (ICASSP)},\n",
      "  year={2020}\n",
      "}\n",
      "inference: {'sample_rate': 16000, 'algorithm': 'TensorflowPredictMusiCNN'}\n"
     ]
    }
   ],
   "source": [
    "MODEL_NAME = '../model/genre_tzanetakis-musicnn-msd-1'\n",
    "MODEL_JSON = f'{MODEL_NAME}.json'\n",
    "MODEL_PB = f'{MODEL_NAME}.pb'\n",
    "\n",
    "musicnn_metadata = json.load(open(MODEL_JSON, 'r'))\n",
    "for k, v in musicnn_metadata.items():\n",
    "    print('{}: {}'.format(k , v))"
   ]
  },
  {
   "cell_type": "markdown",
   "metadata": {},
   "source": [
    "We can observe the output of the penultimate dense layer is proposed as embeddings. \n",
    "We will use it to extract songs embeddings from our dataset."
   ]
  },
  {
   "cell_type": "markdown",
   "metadata": {},
   "source": [
    "### Step 3: Define genres for each song"
   ]
  },
  {
   "cell_type": "code",
   "execution_count": 4,
   "metadata": {},
   "outputs": [],
   "source": [
    "genres = [\n",
    "    ['Romantic', 'Melody'], # Allantha Doorala 0\n",
    "    ['Romantic', 'Melody'], # Pranavalaya 1\n",
    "    ['Romantic', 'Sad'], # Adiga Adiga 2\n",
    "    ['Romantic', 'Upbeat'], # Guruvaram 3\n",
    "    ['Romantic', 'Folk'],   # Ghal Ghal 4\n",
    "    ['Romantic', 'Melody'], # Ninnila 5\n",
    "    ['Mass', 'Inspirational'], # Hukum 6\n",
    "    ['Melody'], # Chinnari Thalli 7\n",
    "    ['Romantic', 'Melody'], # O Cheliya 8\n",
    "    ['Folk', 'Dance'],      # Naatu Naatu 9 \n",
    "    ['Folk', 'Dance'],      # Kurchi Madathapetti 10\n",
    "    ['Romantic', 'Upbeat'], # Urike Urike 11\n",
    "    ['Inspirational', 'Mass'], # Saahore Baahubali 12\n",
    "    ['Romantic', 'Melody'], # Nenani Neevani 13\n",
    "    ['Romantic', 'Melody'], # Manasavacha 14\n",
    "    ['Romantic', 'Melody'],       # Ammaadi 15\n",
    "    ['Romantic', 'Melody'], # Dheera Dheera 16\n",
    "    ['Melody'], # Pedave Palikina 17 \n",
    "    ['Romantic', 'Sad'],   # Oosupodu 18\n",
    "    ['Romantic', 'Melody'] # Sirivennela 19\n",
    "]"
   ]
  },
  {
   "cell_type": "markdown",
   "metadata": {},
   "source": [
    "### Step 4: Encode genres"
   ]
  },
  {
   "cell_type": "code",
   "execution_count": 5,
   "metadata": {},
   "outputs": [],
   "source": [
    "mlb = MultiLabelBinarizer()\n",
    "genre_labels = mlb.fit_transform(genres)"
   ]
  },
  {
   "cell_type": "markdown",
   "metadata": {},
   "source": [
    "### Step 5: Functions for loading and processing audio"
   ]
  },
  {
   "cell_type": "code",
   "execution_count": 9,
   "metadata": {},
   "outputs": [],
   "source": [
    "def load_model(pb_file_path):\n",
    "    with tf.io.gfile.GFile(pb_file_path, \"rb\") as f:\n",
    "        graph_def = tf.compat.v1.GraphDef()\n",
    "        graph_def.ParseFromString(f.read())\n",
    "    with tf.compat.v1.Graph().as_default() as graph:\n",
    "        tf.import_graph_def(graph_def, name=\"\")\n",
    "    return graph\n",
    "\n",
    "def preprocess_audio(file_path, sample_rate=MUSICNN_SR):\n",
    "    y, sr = librosa.load(file_path, sr=sample_rate)\n",
    "    mel_spec = librosa.feature.melspectrogram(y=y, sr=sr, n_mels=96, n_fft=2048, hop_length=512)\n",
    "    log_mel_spec = librosa.power_to_db(mel_spec, ref=np.max)\n",
    "    if log_mel_spec.shape[1] > 187:\n",
    "        log_mel_spec = log_mel_spec[:, :187]\n",
    "    else:\n",
    "        pad_width = 187 - log_mel_spec.shape[1]\n",
    "        log_mel_spec = np.pad(log_mel_spec, ((0, 0), (0, pad_width)), mode='constant')\n",
    "    return log_mel_spec.T[np.newaxis, :, :]\n",
    "\n",
    "def run_model(graph, input_data):\n",
    "    input_tensor = graph.get_tensor_by_name('model/Placeholder:0')\n",
    "    output_tensor = graph.get_tensor_by_name('model/dense/BiasAdd:0')\n",
    "    with tf.compat.v1.Session(graph=graph) as sess:\n",
    "        embeddings = sess.run(output_tensor, feed_dict={input_tensor: input_data})\n",
    "    return embeddings\n",
    "\n",
    "def extract_mean_embedding(filename):\n",
    "    audio_data = preprocess_audio(filename)\n",
    "    graph = load_model(MODEL_PATH)\n",
    "    embeddings = run_model(graph, audio_data)\n",
    "    return embeddings\n",
    "\n",
    "def process_dataset(dataset_dir):\n",
    "    embeddings = []\n",
    "    for root, dirs, files in os.walk(dataset_dir):\n",
    "        for file in files:\n",
    "            if file.endswith('.wav'):\n",
    "                file_path = os.path.join(root, file)\n",
    "                mean_embedding = extract_mean_embedding(file_path)\n",
    "                embeddings.append((file_path, mean_embedding))\n",
    "    return embeddings"
   ]
  },
  {
   "cell_type": "markdown",
   "metadata": {},
   "source": [
    "### Step 6: Process dataset and extract embeddings"
   ]
  },
  {
   "cell_type": "code",
   "execution_count": 10,
   "metadata": {},
   "outputs": [
    {
     "name": "stderr",
     "output_type": "stream",
     "text": [
      "2024-06-19 15:41:24.650896: I external/local_xla/xla/stream_executor/cuda/cuda_executor.cc:998] successful NUMA node read from SysFS had negative value (-1), but there must be at least one NUMA node, so returning NUMA node zero. See more at https://github.com/torvalds/linux/blob/v6.0/Documentation/ABI/testing/sysfs-bus-pci#L344-L355\n",
      "2024-06-19 15:41:24.701591: W tensorflow/core/common_runtime/gpu/gpu_device.cc:2251] Cannot dlopen some GPU libraries. Please make sure the missing libraries mentioned above are installed properly if you would like to use GPU. Follow the guide at https://www.tensorflow.org/install/gpu for how to download and setup the required libraries for your platform.\n",
      "Skipping registering GPU devices...\n",
      "2024-06-19 15:41:24.707349: I tensorflow/compiler/mlir/mlir_graph_optimization_pass.cc:388] MLIR V1 optimization pass is not enabled\n"
     ]
    },
    {
     "name": "stdout",
     "output_type": "stream",
     "text": [
      "File path: ../dataset/other/Ninnila_other.wav\n",
      "File path: ../dataset/other/Urike Urike_other.wav\n",
      "File path: ../dataset/other/Allantha Doorala_other.wav\n",
      "File path: ../dataset/other/Dheera Dheera Dheera_other.wav\n",
      "File path: ../dataset/other/Saahore Baahubali_other.wav\n",
      "File path: ../dataset/other/Pranavalaya_other.wav\n",
      "File path: ../dataset/other/Guruvaram_other.wav\n",
      "File path: ../dataset/other/Chinnari Thalli_other.wav\n",
      "File path: ../dataset/other/Sirivennela_other.wav\n",
      "File path: ../dataset/other/Pedave Palikina_other.wav\n",
      "File path: ../dataset/other/Nattu Nattu_other.wav\n",
      "File path: ../dataset/other/Ghal Ghal Ghal Ghal_other.wav\n",
      "File path: ../dataset/other/Nenani Neevani_other.wav\n",
      "File path: ../dataset/other/Hukum_other.wav\n",
      "File path: ../dataset/other/Ammaadi_other.wav\n",
      "File path: ../dataset/other/Adiga Adiga_other.wav\n",
      "File path: ../dataset/other/O Cheliya_other.wav\n",
      "File path: ../dataset/other/Manasavacha_other.wav\n",
      "File path: ../dataset/other/Oosupodu_other.wav\n",
      "File path: ../dataset/other/Kurchi Madathapetti_other.wav\n"
     ]
    }
   ],
   "source": [
    "file_embeddings = process_dataset(DATASET_DIR)\n",
    "embeddings = []\n",
    "for file_path, embedding in file_embeddings:\n",
    "    print(f'File path: {file_path}')\n",
    "    embeddings.append(embedding)\n",
    "\n",
    "embeddings = np.array(embeddings)\n",
    "embeddings_matrix = np.vstack([emb for emb in embeddings])  # to convert list of tuples to a numpy matrix\n",
    "similarities = cosine_similarity(embeddings_matrix)"
   ]
  },
  {
   "cell_type": "code",
   "execution_count": 18,
   "metadata": {},
   "outputs": [
    {
     "name": "stdout",
     "output_type": "stream",
     "text": [
      "(20, 20)\n",
      "Min value: 0.6124984622001648\n",
      "Max value: 1.0000005960464478\n"
     ]
    },
    {
     "data": {
      "application/vnd.plotly.v1+json": {
       "config": {
        "plotlyServerURL": "https://plot.ly"
       },
       "data": [
        {
         "coloraxis": "coloraxis",
         "hovertemplate": "x: %{x}<br>y: %{y}<br>color: %{z}<extra></extra>",
         "name": "0",
         "type": "heatmap",
         "xaxis": "x",
         "yaxis": "y",
         "z": [
          [
           1.0000001192092896,
           0.872974157333374,
           0.9651080965995789,
           0.9650556445121765,
           0.9802823066711426,
           0.9186474084854126,
           0.9890907406806946,
           0.9828010201454163,
           0.9143489003181458,
           0.9832674264907837,
           0.9693443179130554,
           0.9574987292289734,
           0.7387261390686035,
           0.9127200841903687,
           0.8408753275871277,
           0.9443380236625671,
           0.988836944103241,
           0.9792683124542236,
           0.9051041603088379,
           0.9649043679237366
          ],
          [
           0.872974157333374,
           1.000000238418579,
           0.7832793593406677,
           0.7728931903839111,
           0.8743137121200562,
           0.9918597340583801,
           0.870349645614624,
           0.9421547651290894,
           0.9902958273887634,
           0.8919155597686768,
           0.7854462265968323,
           0.8325788974761963,
           0.9631926417350769,
           0.9921773672103882,
           0.9952415227890015,
           0.9824829697608948,
           0.8494645953178406,
           0.8498561978340149,
           0.9935727119445801,
           0.7833184003829956
          ],
          [
           0.9651080965995789,
           0.7832793593406677,
           1.0000001192092896,
           0.9983239769935608,
           0.973404586315155,
           0.842973530292511,
           0.9659535884857178,
           0.9287591576576233,
           0.8346042037010193,
           0.9628839492797852,
           0.9979870319366455,
           0.9790563583374023,
           0.628674328327179,
           0.8302842378616333,
           0.740652322769165,
           0.8737170696258545,
           0.9845166206359863,
           0.9733973741531372,
           0.8205116987228394,
           0.9991676211357117
          ],
          [
           0.9650556445121765,
           0.7728931903839111,
           0.9983239769935608,
           1.0000001192092896,
           0.9695591926574707,
           0.8357520699501038,
           0.9676731824874878,
           0.9259461760520935,
           0.8264496922492981,
           0.9601776599884033,
           0.9987651109695435,
           0.9727583527565002,
           0.6124984622001648,
           0.8225474953651428,
           0.7305612564086914,
           0.866499662399292,
           0.9828574657440186,
           0.9721009731292725,
           0.8140628337860107,
           0.9988033771514893
          ],
          [
           0.9802823066711426,
           0.8743137121200562,
           0.973404586315155,
           0.9695591926574707,
           1,
           0.9183236956596375,
           0.9864681363105774,
           0.9697815179824829,
           0.907164454460144,
           0.989517331123352,
           0.9771867394447327,
           0.989755392074585,
           0.7376711964607239,
           0.908025860786438,
           0.8383474946022034,
           0.9444286823272705,
           0.9934579133987427,
           0.9913101196289062,
           0.8999587893486023,
           0.9751393795013428
          ],
          [
           0.9186474084854126,
           0.9918597340583801,
           0.842973530292511,
           0.8357520699501038,
           0.9183236956596375,
           0.9999998807907104,
           0.9194257259368896,
           0.9725040793418884,
           0.9930554628372192,
           0.9337992668151855,
           0.8467390537261963,
           0.8810411095619202,
           0.9247095584869385,
           0.994113564491272,
           0.9792305827140808,
           0.9940632581710815,
           0.9008400440216064,
           0.8996043801307678,
           0.9980116486549377,
           0.8442099690437317
          ],
          [
           0.9890907406806946,
           0.870349645614624,
           0.9659535884857178,
           0.9676731824874878,
           0.9864681363105774,
           0.9194257259368896,
           0.9999996423721313,
           0.9756515622138977,
           0.9147568345069885,
           0.9948097467422485,
           0.9741573333740234,
           0.9738568067550659,
           0.7233514189720154,
           0.9040122628211975,
           0.8319945335388184,
           0.9402756094932556,
           0.9929080605506897,
           0.9914201498031616,
           0.9018291234970093,
           0.9698939323425293
          ],
          [
           0.9828010201454163,
           0.9421547651290894,
           0.9287591576576233,
           0.9259461760520935,
           0.9697815179824829,
           0.9725040793418884,
           0.9756515622138977,
           1.0000003576278687,
           0.9666075110435486,
           0.977554440498352,
           0.9335381388664246,
           0.9385287761688232,
           0.8387871384620667,
           0.9693091511726379,
           0.91925048828125,
           0.9836686849594116,
           0.9674214124679565,
           0.9566640853881836,
           0.9639927744865417,
           0.9289304614067078
          ],
          [
           0.9143489003181458,
           0.9902958273887634,
           0.8346042037010193,
           0.8264496922492981,
           0.907164454460144,
           0.9930554628372192,
           0.9147568345069885,
           0.9666075110435486,
           1,
           0.930936336517334,
           0.8375641703605652,
           0.8733323812484741,
           0.9324793219566345,
           0.990376353263855,
           0.9766646027565002,
           0.9895032048225403,
           0.8938020467758179,
           0.8920313119888306,
           0.9894276857376099,
           0.8349975943565369
          ],
          [
           0.9832674264907837,
           0.8919155597686768,
           0.9628839492797852,
           0.9601776599884033,
           0.989517331123352,
           0.9337992668151855,
           0.9948097467422485,
           0.977554440498352,
           0.930936336517334,
           0.9999998807907104,
           0.9680935740470886,
           0.9823976755142212,
           0.7544097900390625,
           0.9176093339920044,
           0.8528812527656555,
           0.9523488879203796,
           0.9901815056800842,
           0.9924769401550293,
           0.9155027866363525,
           0.9659881591796875
          ],
          [
           0.9693443179130554,
           0.7854462265968323,
           0.9979870319366455,
           0.9987651109695435,
           0.9771867394447327,
           0.8467390537261963,
           0.9741573333740234,
           0.9335381388664246,
           0.8375641703605652,
           0.9680935740470886,
           1.0000005960464478,
           0.9797967076301575,
           0.6264859437942505,
           0.833594024181366,
           0.7427190542221069,
           0.8770922422409058,
           0.9880842566490173,
           0.9781175255775452,
           0.8244091272354126,
           0.9988385438919067
          ],
          [
           0.9574987292289734,
           0.8325788974761963,
           0.9790563583374023,
           0.9727583527565002,
           0.989755392074585,
           0.8810411095619202,
           0.9738568067550659,
           0.9385287761688232,
           0.8733323812484741,
           0.9823976755142212,
           0.9797967076301575,
           0.9999998807907104,
           0.6856783032417297,
           0.8634644746780396,
           0.7869873642921448,
           0.9074180722236633,
           0.9867957234382629,
           0.9876627326011658,
           0.8558825254440308,
           0.9812101125717163
          ],
          [
           0.7387261390686035,
           0.9631926417350769,
           0.628674328327179,
           0.6124984622001648,
           0.7376711964607239,
           0.9247095584869385,
           0.7233514189720154,
           0.8387871384620667,
           0.9324793219566345,
           0.7544097900390625,
           0.6264859437942505,
           0.6856783032417297,
           1,
           0.9436029195785522,
           0.978416383266449,
           0.9071707725524902,
           0.7029857635498047,
           0.6942081451416016,
           0.9343989491462708,
           0.6245207190513611
          ],
          [
           0.9127200841903687,
           0.9921773672103882,
           0.8302842378616333,
           0.8225474953651428,
           0.908025860786438,
           0.994113564491272,
           0.9040122628211975,
           0.9693091511726379,
           0.990376353263855,
           0.9176093339920044,
           0.833594024181366,
           0.8634644746780396,
           0.9436029195785522,
           0.9999998807907104,
           0.9863216876983643,
           0.9923310875892639,
           0.8882443308830261,
           0.8800300359725952,
           0.9942070245742798,
           0.8294994831085205
          ],
          [
           0.8408753275871277,
           0.9952415227890015,
           0.740652322769165,
           0.7305612564086914,
           0.8383474946022034,
           0.9792305827140808,
           0.8319945335388184,
           0.91925048828125,
           0.9766646027565002,
           0.8528812527656555,
           0.7427190542221069,
           0.7869873642921448,
           0.978416383266449,
           0.9863216876983643,
           0.9999997019767761,
           0.9678267240524292,
           0.809749186038971,
           0.8071026802062988,
           0.9859941601753235,
           0.7397664189338684
          ],
          [
           0.9443380236625671,
           0.9824829697608948,
           0.8737170696258545,
           0.866499662399292,
           0.9444286823272705,
           0.9940632581710815,
           0.9402756094932556,
           0.9836686849594116,
           0.9895032048225403,
           0.9523488879203796,
           0.8770922422409058,
           0.9074180722236633,
           0.9071707725524902,
           0.9923310875892639,
           0.9678267240524292,
           1,
           0.9274495840072632,
           0.9256440997123718,
           0.990034282207489,
           0.8740227222442627
          ],
          [
           0.988836944103241,
           0.8494645953178406,
           0.9845166206359863,
           0.9828574657440186,
           0.9934579133987427,
           0.9008400440216064,
           0.9929080605506897,
           0.9674214124679565,
           0.8938020467758179,
           0.9901815056800842,
           0.9880842566490173,
           0.9867957234382629,
           0.7029857635498047,
           0.8882443308830261,
           0.809749186038971,
           0.9274495840072632,
           0.9999998211860657,
           0.9925372004508972,
           0.8808507323265076,
           0.9861987233161926
          ],
          [
           0.9792683124542236,
           0.8498561978340149,
           0.9733973741531372,
           0.9721009731292725,
           0.9913101196289062,
           0.8996043801307678,
           0.9914201498031616,
           0.9566640853881836,
           0.8920313119888306,
           0.9924769401550293,
           0.9781175255775452,
           0.9876627326011658,
           0.6942081451416016,
           0.8800300359725952,
           0.8071026802062988,
           0.9256440997123718,
           0.9925372004508972,
           0.9999998807907104,
           0.879748523235321,
           0.9771699905395508
          ],
          [
           0.9051041603088379,
           0.9935727119445801,
           0.8205116987228394,
           0.8140628337860107,
           0.8999587893486023,
           0.9980116486549377,
           0.9018291234970093,
           0.9639927744865417,
           0.9894276857376099,
           0.9155027866363525,
           0.8244091272354126,
           0.8558825254440308,
           0.9343989491462708,
           0.9942070245742798,
           0.9859941601753235,
           0.990034282207489,
           0.8808507323265076,
           0.879748523235321,
           1,
           0.8215938806533813
          ],
          [
           0.9649043679237366,
           0.7833184003829956,
           0.9991676211357117,
           0.9988033771514893,
           0.9751393795013428,
           0.8442099690437317,
           0.9698939323425293,
           0.9289304614067078,
           0.8349975943565369,
           0.9659881591796875,
           0.9988385438919067,
           0.9812101125717163,
           0.6245207190513611,
           0.8294994831085205,
           0.7397664189338684,
           0.8740227222442627,
           0.9861987233161926,
           0.9771699905395508,
           0.8215938806533813,
           1.000000238418579
          ]
         ]
        }
       ],
       "layout": {
        "coloraxis": {
         "colorscale": [
          [
           0,
           "rgb(165,0,38)"
          ],
          [
           0.1,
           "rgb(215,48,39)"
          ],
          [
           0.2,
           "rgb(244,109,67)"
          ],
          [
           0.3,
           "rgb(253,174,97)"
          ],
          [
           0.4,
           "rgb(254,224,139)"
          ],
          [
           0.5,
           "rgb(255,255,191)"
          ],
          [
           0.6,
           "rgb(217,239,139)"
          ],
          [
           0.7,
           "rgb(166,217,106)"
          ],
          [
           0.8,
           "rgb(102,189,99)"
          ],
          [
           0.9,
           "rgb(26,152,80)"
          ],
          [
           1,
           "rgb(0,104,55)"
          ]
         ]
        },
        "margin": {
         "t": 60
        },
        "template": {
         "data": {
          "bar": [
           {
            "error_x": {
             "color": "#2a3f5f"
            },
            "error_y": {
             "color": "#2a3f5f"
            },
            "marker": {
             "line": {
              "color": "#E5ECF6",
              "width": 0.5
             },
             "pattern": {
              "fillmode": "overlay",
              "size": 10,
              "solidity": 0.2
             }
            },
            "type": "bar"
           }
          ],
          "barpolar": [
           {
            "marker": {
             "line": {
              "color": "#E5ECF6",
              "width": 0.5
             },
             "pattern": {
              "fillmode": "overlay",
              "size": 10,
              "solidity": 0.2
             }
            },
            "type": "barpolar"
           }
          ],
          "carpet": [
           {
            "aaxis": {
             "endlinecolor": "#2a3f5f",
             "gridcolor": "white",
             "linecolor": "white",
             "minorgridcolor": "white",
             "startlinecolor": "#2a3f5f"
            },
            "baxis": {
             "endlinecolor": "#2a3f5f",
             "gridcolor": "white",
             "linecolor": "white",
             "minorgridcolor": "white",
             "startlinecolor": "#2a3f5f"
            },
            "type": "carpet"
           }
          ],
          "choropleth": [
           {
            "colorbar": {
             "outlinewidth": 0,
             "ticks": ""
            },
            "type": "choropleth"
           }
          ],
          "contour": [
           {
            "colorbar": {
             "outlinewidth": 0,
             "ticks": ""
            },
            "colorscale": [
             [
              0,
              "#0d0887"
             ],
             [
              0.1111111111111111,
              "#46039f"
             ],
             [
              0.2222222222222222,
              "#7201a8"
             ],
             [
              0.3333333333333333,
              "#9c179e"
             ],
             [
              0.4444444444444444,
              "#bd3786"
             ],
             [
              0.5555555555555556,
              "#d8576b"
             ],
             [
              0.6666666666666666,
              "#ed7953"
             ],
             [
              0.7777777777777778,
              "#fb9f3a"
             ],
             [
              0.8888888888888888,
              "#fdca26"
             ],
             [
              1,
              "#f0f921"
             ]
            ],
            "type": "contour"
           }
          ],
          "contourcarpet": [
           {
            "colorbar": {
             "outlinewidth": 0,
             "ticks": ""
            },
            "type": "contourcarpet"
           }
          ],
          "heatmap": [
           {
            "colorbar": {
             "outlinewidth": 0,
             "ticks": ""
            },
            "colorscale": [
             [
              0,
              "#0d0887"
             ],
             [
              0.1111111111111111,
              "#46039f"
             ],
             [
              0.2222222222222222,
              "#7201a8"
             ],
             [
              0.3333333333333333,
              "#9c179e"
             ],
             [
              0.4444444444444444,
              "#bd3786"
             ],
             [
              0.5555555555555556,
              "#d8576b"
             ],
             [
              0.6666666666666666,
              "#ed7953"
             ],
             [
              0.7777777777777778,
              "#fb9f3a"
             ],
             [
              0.8888888888888888,
              "#fdca26"
             ],
             [
              1,
              "#f0f921"
             ]
            ],
            "type": "heatmap"
           }
          ],
          "heatmapgl": [
           {
            "colorbar": {
             "outlinewidth": 0,
             "ticks": ""
            },
            "colorscale": [
             [
              0,
              "#0d0887"
             ],
             [
              0.1111111111111111,
              "#46039f"
             ],
             [
              0.2222222222222222,
              "#7201a8"
             ],
             [
              0.3333333333333333,
              "#9c179e"
             ],
             [
              0.4444444444444444,
              "#bd3786"
             ],
             [
              0.5555555555555556,
              "#d8576b"
             ],
             [
              0.6666666666666666,
              "#ed7953"
             ],
             [
              0.7777777777777778,
              "#fb9f3a"
             ],
             [
              0.8888888888888888,
              "#fdca26"
             ],
             [
              1,
              "#f0f921"
             ]
            ],
            "type": "heatmapgl"
           }
          ],
          "histogram": [
           {
            "marker": {
             "pattern": {
              "fillmode": "overlay",
              "size": 10,
              "solidity": 0.2
             }
            },
            "type": "histogram"
           }
          ],
          "histogram2d": [
           {
            "colorbar": {
             "outlinewidth": 0,
             "ticks": ""
            },
            "colorscale": [
             [
              0,
              "#0d0887"
             ],
             [
              0.1111111111111111,
              "#46039f"
             ],
             [
              0.2222222222222222,
              "#7201a8"
             ],
             [
              0.3333333333333333,
              "#9c179e"
             ],
             [
              0.4444444444444444,
              "#bd3786"
             ],
             [
              0.5555555555555556,
              "#d8576b"
             ],
             [
              0.6666666666666666,
              "#ed7953"
             ],
             [
              0.7777777777777778,
              "#fb9f3a"
             ],
             [
              0.8888888888888888,
              "#fdca26"
             ],
             [
              1,
              "#f0f921"
             ]
            ],
            "type": "histogram2d"
           }
          ],
          "histogram2dcontour": [
           {
            "colorbar": {
             "outlinewidth": 0,
             "ticks": ""
            },
            "colorscale": [
             [
              0,
              "#0d0887"
             ],
             [
              0.1111111111111111,
              "#46039f"
             ],
             [
              0.2222222222222222,
              "#7201a8"
             ],
             [
              0.3333333333333333,
              "#9c179e"
             ],
             [
              0.4444444444444444,
              "#bd3786"
             ],
             [
              0.5555555555555556,
              "#d8576b"
             ],
             [
              0.6666666666666666,
              "#ed7953"
             ],
             [
              0.7777777777777778,
              "#fb9f3a"
             ],
             [
              0.8888888888888888,
              "#fdca26"
             ],
             [
              1,
              "#f0f921"
             ]
            ],
            "type": "histogram2dcontour"
           }
          ],
          "mesh3d": [
           {
            "colorbar": {
             "outlinewidth": 0,
             "ticks": ""
            },
            "type": "mesh3d"
           }
          ],
          "parcoords": [
           {
            "line": {
             "colorbar": {
              "outlinewidth": 0,
              "ticks": ""
             }
            },
            "type": "parcoords"
           }
          ],
          "pie": [
           {
            "automargin": true,
            "type": "pie"
           }
          ],
          "scatter": [
           {
            "fillpattern": {
             "fillmode": "overlay",
             "size": 10,
             "solidity": 0.2
            },
            "type": "scatter"
           }
          ],
          "scatter3d": [
           {
            "line": {
             "colorbar": {
              "outlinewidth": 0,
              "ticks": ""
             }
            },
            "marker": {
             "colorbar": {
              "outlinewidth": 0,
              "ticks": ""
             }
            },
            "type": "scatter3d"
           }
          ],
          "scattercarpet": [
           {
            "marker": {
             "colorbar": {
              "outlinewidth": 0,
              "ticks": ""
             }
            },
            "type": "scattercarpet"
           }
          ],
          "scattergeo": [
           {
            "marker": {
             "colorbar": {
              "outlinewidth": 0,
              "ticks": ""
             }
            },
            "type": "scattergeo"
           }
          ],
          "scattergl": [
           {
            "marker": {
             "colorbar": {
              "outlinewidth": 0,
              "ticks": ""
             }
            },
            "type": "scattergl"
           }
          ],
          "scattermapbox": [
           {
            "marker": {
             "colorbar": {
              "outlinewidth": 0,
              "ticks": ""
             }
            },
            "type": "scattermapbox"
           }
          ],
          "scatterpolar": [
           {
            "marker": {
             "colorbar": {
              "outlinewidth": 0,
              "ticks": ""
             }
            },
            "type": "scatterpolar"
           }
          ],
          "scatterpolargl": [
           {
            "marker": {
             "colorbar": {
              "outlinewidth": 0,
              "ticks": ""
             }
            },
            "type": "scatterpolargl"
           }
          ],
          "scatterternary": [
           {
            "marker": {
             "colorbar": {
              "outlinewidth": 0,
              "ticks": ""
             }
            },
            "type": "scatterternary"
           }
          ],
          "surface": [
           {
            "colorbar": {
             "outlinewidth": 0,
             "ticks": ""
            },
            "colorscale": [
             [
              0,
              "#0d0887"
             ],
             [
              0.1111111111111111,
              "#46039f"
             ],
             [
              0.2222222222222222,
              "#7201a8"
             ],
             [
              0.3333333333333333,
              "#9c179e"
             ],
             [
              0.4444444444444444,
              "#bd3786"
             ],
             [
              0.5555555555555556,
              "#d8576b"
             ],
             [
              0.6666666666666666,
              "#ed7953"
             ],
             [
              0.7777777777777778,
              "#fb9f3a"
             ],
             [
              0.8888888888888888,
              "#fdca26"
             ],
             [
              1,
              "#f0f921"
             ]
            ],
            "type": "surface"
           }
          ],
          "table": [
           {
            "cells": {
             "fill": {
              "color": "#EBF0F8"
             },
             "line": {
              "color": "white"
             }
            },
            "header": {
             "fill": {
              "color": "#C8D4E3"
             },
             "line": {
              "color": "white"
             }
            },
            "type": "table"
           }
          ]
         },
         "layout": {
          "annotationdefaults": {
           "arrowcolor": "#2a3f5f",
           "arrowhead": 0,
           "arrowwidth": 1
          },
          "autotypenumbers": "strict",
          "coloraxis": {
           "colorbar": {
            "outlinewidth": 0,
            "ticks": ""
           }
          },
          "colorscale": {
           "diverging": [
            [
             0,
             "#8e0152"
            ],
            [
             0.1,
             "#c51b7d"
            ],
            [
             0.2,
             "#de77ae"
            ],
            [
             0.3,
             "#f1b6da"
            ],
            [
             0.4,
