{
 "cells": [
  {
   "cell_type": "markdown",
   "metadata": {},
   "source": [
    "### Step 1: Import necessary libraries"
   ]
  },
  {
   "cell_type": "code",
   "execution_count": 10,
   "metadata": {},
   "outputs": [],
   "source": [
    "import os\n",
    "import numpy as np\n",
    "import librosa\n",
    "import tensorflow as tf\n",
    "from sklearn.metrics.pairwise import cosine_similarity\n",
    "import plotly.express as px\n",
    "import pandas as pd\n",
    "from plotly.subplots import make_subplots\n",
    "import plotly.graph_objects as go\n",
    "import json"
   ]
  },
  {
   "cell_type": "markdown",
   "metadata": {},
   "source": [
    "### Step 2: Download model and define paths"
   ]
  },
  {
   "cell_type": "markdown",
   "metadata": {},
   "source": [
    "Download the model and move to 'model' directory. (skip this step if model is already downloaded)"
   ]
  },
  {
   "cell_type": "code",
   "execution_count": 3,
   "metadata": {},
   "outputs": [
    {
     "name": "stdout",
     "output_type": "stream",
     "text": [
      "  % Total    % Received % Xferd  Average Speed   Time    Time     Time  Current\n",
      "                                 Dload  Upload   Total   Spent    Left  Speed\n",
      "100  3101  100  3101    0     0   2416      0  0:00:01  0:00:01 --:--:--  2416\n",
      "  % Total    % Received % Xferd  Average Speed   Time    Time     Time  Current\n",
      "                                 Dload  Upload   Total   Spent    Left  Speed\n",
      "  0     0    0     0    0     0      0      0 --:--:-- --:--:-- --:--:--     0^C\n"
     ]
    }
   ],
   "source": [
    "!curl -SLO https://essentia.upf.edu/models/classifiers/genre_tzanetakis/genre_tzanetakis-musicnn-msd-1.json\n",
    "!curl -SLO https://essentia.upf.edu/models/classifiers/genre_tzanetakis/genre_tzanetakis-musicnn-msd-1.pb"
   ]
  },
  {
   "cell_type": "code",
   "execution_count": 2,
   "metadata": {},
   "outputs": [],
   "source": [
    "MUSICNN_SR = 16000\n",
    "MODEL_PATH = '../model/genre_tzanetakis-musicnn-msd-1.pb'\n",
    "DATASET_DIR = '../dataset/vocals'"
   ]
  },
  {
   "cell_type": "code",
   "execution_count": 8,
   "metadata": {},
   "outputs": [
    {
     "name": "stdout",
     "output_type": "stream",
     "text": [
      "name: genre GTZAN\n",
      "type: multi-class classifier\n",
      "link: https://essentia.upf.edu/models/classifiers/genre_tzanetakis/genre_tzanetakis-musicnn-msd-1.pb\n",
      "version: 1\n",
      "description: classification of music by genre\n",
      "author: Pablo Alonso\n",
      "email: pablo.alonso@upf.edu\n",
      "release_date: 2020-03-31\n",
      "framework: tensorflow\n",
      "framework_version: 1.15.0\n",
      "classes: ['blu', 'cla', 'cou', 'dis', 'hip', 'jaz', 'met', 'pop', 'reg', 'roc']\n",
      "model_types: ['frozen_model']\n",
      "dataset: {'name': 'the GTZAN Genre Collection', 'citation': '@article{tzanetakis2002musical,\\n  title={Musical genre classification of audio signals},\\n  author={Tzanetakis, George and Cook, Perry},\\n  journal={IEEE Transactions on speech and audio processing},\\n  volume={10},\\n  number={5},\\n  pages={293--302},\\n  year={2002},\\n  publisher={IEEE}\\n}', 'size': '1000 track excerpts, 100 per genre', 'metrics': {'5-fold_cross_validation_normalized_accuracy': 0.83}}\n",
      "schema: {'inputs': [{'name': 'model/Placeholder', 'type': 'float', 'shape': [187, 96]}], 'outputs': [{'name': 'model/Sigmoid', 'type': 'float', 'shape': [1, 10], 'op': 'Sigmoid', 'output_purpose': 'predictions'}, {'name': 'model/dense_2/BiasAdd', 'type': 'float', 'shape': [1, 10], 'op': 'fully connected', 'description': 'logits', 'output_purpose': ''}, {'name': 'model/dense_1/BiasAdd', 'type': 'float', 'shape': [1, 100], 'op': 'fully connected', 'description': 'penultimate layer', 'output_purpose': ''}, {'name': 'model/dense/BiasAdd', 'type': 'float', 'shape': [1, 200], 'op': 'fully connected', 'output_purpose': 'embeddings'}]}\n",
      "citation: @inproceedings{alonso2020tensorflow,\n",
      "  title={Tensorflow Audio Models in Essentia},\n",
      "  author={Alonso-Jim{\\'e}nez, Pablo and Bogdanov, Dmitry and Pons, Jordi and Serra, Xavier},\n",
      "  booktitle={IEEE International Conference on Acoustics, Speech and Signal Processing (ICASSP)},\n",
      "  year={2020}\n",
      "}\n",
      "inference: {'sample_rate': 16000, 'algorithm': 'TensorflowPredictMusiCNN'}\n"
     ]
    }
   ],
   "source": [
    "MODEL_NAME = '../model/genre_tzanetakis-musicnn-msd-1'\n",
    "MODEL_JSON = f'{MODEL_NAME}.json'\n",
    "MODEL_PB = f'{MODEL_NAME}.pb'\n",
    "\n",
    "musicnn_metadata = json.load(open(MODEL_JSON, 'r'))\n",
    "for k, v in musicnn_metadata.items():\n",
    "    print('{}: {}'.format(k , v))"
   ]
  },
  {
   "cell_type": "markdown",
   "metadata": {},
   "source": [
    "We can observe the output of the penultimate dense layer is proposed as embeddings. \n",
    "We will use it to extract songs embeddings from our dataset."
   ]
  },
  {
   "cell_type": "markdown",
   "metadata": {},
   "source": [
    "### Step 5: Functions for loading and processing audio"
   ]
  },
  {
   "cell_type": "code",
   "execution_count": 6,
   "metadata": {},
   "outputs": [],
   "source": [
    "def load_model(pb_file_path):\n",
    "    with tf.io.gfile.GFile(pb_file_path, \"rb\") as f:\n",
    "        graph_def = tf.compat.v1.GraphDef()\n",
    "        graph_def.ParseFromString(f.read())\n",
    "    with tf.compat.v1.Graph().as_default() as graph:\n",
    "        tf.import_graph_def(graph_def, name=\"\")\n",
    "    return graph\n",
    "\n",
    "def preprocess_audio(file_path, sample_rate=MUSICNN_SR):\n",
    "    y, sr = librosa.load(file_path, sr=sample_rate)\n",
    "    mel_spec = librosa.feature.melspectrogram(y=y, sr=sr, n_mels=96, n_fft=2048, hop_length=512)\n",
    "    log_mel_spec = librosa.power_to_db(mel_spec, ref=np.max)\n",
    "    if log_mel_spec.shape[1] > 187:\n",
    "        log_mel_spec = log_mel_spec[:, :187]\n",
    "    else:\n",
    "        pad_width = 187 - log_mel_spec.shape[1]\n",
    "        log_mel_spec = np.pad(log_mel_spec, ((0, 0), (0, pad_width)), mode='constant')\n",
    "    return log_mel_spec.T[np.newaxis, :, :]\n",
    "\n",
    "def run_model(graph, input_data):\n",
    "    input_tensor = graph.get_tensor_by_name('model/Placeholder:0')\n",
    "    output_tensor = graph.get_tensor_by_name('model/dense/BiasAdd:0')\n",
    "    with tf.compat.v1.Session(graph=graph) as sess:\n",
    "        embeddings = sess.run(output_tensor, feed_dict={input_tensor: input_data})\n",
    "    return embeddings\n",
    "\n",
    "def extract_mean_embedding(filename):\n",
    "    audio_data = preprocess_audio(filename)\n",
    "    graph = load_model(MODEL_PATH)\n",
    "    embeddings = run_model(graph, audio_data)\n",
    "    return embeddings\n",
    "\n",
    "def process_dataset(dataset_dir):\n",
    "    embeddings = []\n",
    "    for root, dirs, files in os.walk(dataset_dir):\n",
    "        for file in files:\n",
    "            if file.endswith('.wav'):\n",
    "                file_path = os.path.join(root, file)\n",
    "                mean_embedding = extract_mean_embedding(file_path)\n",
    "                embeddings.append((file_path, mean_embedding))\n",
    "    return embeddings"
   ]
  },
  {
   "cell_type": "markdown",
   "metadata": {},
   "source": [
    "### Step 6: Process dataset and extract embeddings"
   ]
  },
  {
   "cell_type": "code",
   "execution_count": 9,
   "metadata": {},
   "outputs": [
    {
     "ename": "ValueError",
     "evalue": "need at least one array to concatenate",
     "output_type": "error",
     "traceback": [
      "\u001b[0;31m---------------------------------------------------------------------------\u001b[0m",
      "\u001b[0;31mValueError\u001b[0m                                Traceback (most recent call last)",
      "Cell \u001b[0;32mIn[9], line 8\u001b[0m\n\u001b[1;32m      5\u001b[0m     embeddings\u001b[38;5;241m.\u001b[39mappend(embedding)\n\u001b[1;32m      7\u001b[0m embeddings \u001b[38;5;241m=\u001b[39m np\u001b[38;5;241m.\u001b[39marray(embeddings)\n\u001b[0;32m----> 8\u001b[0m embeddings_matrix \u001b[38;5;241m=\u001b[39m \u001b[43mnp\u001b[49m\u001b[38;5;241;43m.\u001b[39;49m\u001b[43mvstack\u001b[49m\u001b[43m(\u001b[49m\u001b[43m[\u001b[49m\u001b[43memb\u001b[49m\u001b[43m \u001b[49m\u001b[38;5;28;43;01mfor\u001b[39;49;00m\u001b[43m \u001b[49m\u001b[43memb\u001b[49m\u001b[43m \u001b[49m\u001b[38;5;129;43;01min\u001b[39;49;00m\u001b[43m \u001b[49m\u001b[43membeddings\u001b[49m\u001b[43m]\u001b[49m\u001b[43m)\u001b[49m  \u001b[38;5;66;03m# to convert list of tuples to a numpy matrix\u001b[39;00m\n\u001b[1;32m      9\u001b[0m similarities \u001b[38;5;241m=\u001b[39m cosine_similarity(embeddings_matrix)\n",
      "File \u001b[0;32m~/Documents/Projects/Music_Similarity/.venv/lib/python3.10/site-packages/numpy/core/shape_base.py:289\u001b[0m, in \u001b[0;36mvstack\u001b[0;34m(tup, dtype, casting)\u001b[0m\n\u001b[1;32m    287\u001b[0m \u001b[38;5;28;01mif\u001b[39;00m \u001b[38;5;129;01mnot\u001b[39;00m \u001b[38;5;28misinstance\u001b[39m(arrs, \u001b[38;5;28mlist\u001b[39m):\n\u001b[1;32m    288\u001b[0m     arrs \u001b[38;5;241m=\u001b[39m [arrs]\n\u001b[0;32m--> 289\u001b[0m \u001b[38;5;28;01mreturn\u001b[39;00m \u001b[43m_nx\u001b[49m\u001b[38;5;241;43m.\u001b[39;49m\u001b[43mconcatenate\u001b[49m\u001b[43m(\u001b[49m\u001b[43marrs\u001b[49m\u001b[43m,\u001b[49m\u001b[43m \u001b[49m\u001b[38;5;241;43m0\u001b[39;49m\u001b[43m,\u001b[49m\u001b[43m \u001b[49m\u001b[43mdtype\u001b[49m\u001b[38;5;241;43m=\u001b[39;49m\u001b[43mdtype\u001b[49m\u001b[43m,\u001b[49m\u001b[43m \u001b[49m\u001b[43mcasting\u001b[49m\u001b[38;5;241;43m=\u001b[39;49m\u001b[43mcasting\u001b[49m\u001b[43m)\u001b[49m\n",
      "\u001b[0;31mValueError\u001b[0m: need at least one array to concatenate"
     ]
    }
   ],
   "source": [
    "file_embeddings = process_dataset(DATASET_DIR)\n",
    "embeddings = []\n",
    "for file_path, embedding in file_embeddings:\n",
    "    print(f'File path: {file_path}')\n",
    "    embeddings.append(embedding)\n",
    "\n",
    "embeddings = np.array(embeddings)\n",
    "embeddings_matrix = np.vstack([emb for emb in embeddings])  # to convert list of tuples to a numpy matrix\n",
    "similarities = cosine_similarity(embeddings_matrix)"
   ]
  },
  {
   "cell_type": "code",
   "execution_count": 8,
   "metadata": {},
   "outputs": [
    {
     "name": "stdout",
     "output_type": "stream",
     "text": [
      "(20, 20)\n",
      "Min value: 0.9488793611526489\n",
      "Max value: 1.0000004768371582\n"
     ]
    },
    {
     "data": {
      "application/vnd.plotly.v1+json": {
       "config": {
        "plotlyServerURL": "https://plot.ly"
       },
       "data": [
        {
         "coloraxis": "coloraxis",
         "hovertemplate": "x: %{x}<br>y: %{y}<br>color: %{z}<extra></extra>",
         "name": "0",
         "type": "heatmap",
         "xaxis": "x",
         "yaxis": "y",
         "z": [
          [
           1.0000001192092896,
           0.9996399879455566,
           0.999136745929718,
           0.9998005628585815,
           0.9588364958763123,
           0.9992782473564148,
           0.9779415130615234,
           0.9784489274024963,
           0.9984013438224792,
           0.9996090531349182,
           0.9616267085075378,
           0.9663942456245422,
           0.9998005032539368,
           0.9896817803382874,
           0.9630352258682251,
           0.9582350254058838,
           0.9569253921508789,
           0.9996499419212341,
           0.9998559951782227,
           0.9743015766143799
          ],
          [
           0.9996399879455566,
           0.9999998807907104,
           0.9984869956970215,
           0.9996049404144287,
           0.9547967314720154,
           0.9990841746330261,
           0.9748037457466125,
           0.9746387004852295,
           0.9978663325309753,
           0.9999569654464722,
           0.9575284123420715,
           0.9625484943389893,
           0.9997853636741638,
           0.9876686930656433,
           0.959736704826355,
           0.952885627746582,
           0.9532455801963806,
           0.999420702457428,
           0.9998842477798462,
           0.9707486033439636
          ],
          [
           0.999136745929718,
           0.9984869956970215,
           1,
           0.998748242855072,
           0.9588589668273926,
           0.9996869564056396,
           0.9829024076461792,
           0.9828163981437683,
           0.9997751712799072,
           0.9984176754951477,
           0.9656322002410889,
           0.9704815149307251,
           0.9985467791557312,
           0.9877795577049255,
           0.9670162200927734,
           0.9614831805229187,
           0.9647420048713684,
           0.9997201561927795,
           0.9987745881080627,
           0.9802440404891968
          ],
          [
           0.9998005628585815,
           0.9996049404144287,
           0.998748242855072,
           1.0000001192092896,
           0.9606035947799683,
           0.9989827275276184,
           0.9777438640594482,
           0.9777063131332397,
           0.9980143904685974,
           0.9995858669281006,
           0.9616076350212097,
           0.9662627577781677,
           0.9997990131378174,
           0.9910176396369934,
           0.9628456830978394,
           0.9585298299789429,
           0.9554503560066223,
           0.9993500709533691,
           0.9998132586479187,
           0.974076509475708
          ],
          [
           0.9588364958763123,
           0.9547967314720154,
           0.9588589668273926,
           0.9606035947799683,
           0.9999997615814209,
           0.9564019441604614,
           0.9750900864601135,
           0.9790392518043518,
           0.9572857022285461,
           0.9546739459037781,
           0.9832741618156433,
           0.9802459478378296,
           0.9573139548301697,
           0.9806365966796875,
           0.9694319367408752,
           0.9833139777183533,
           0.9488793611526489,
           0.9560396671295166,
           0.9566401839256287,
           0.9719331860542297
          ],
          [
           0.9992782473564148,
           0.9990841746330261,
           0.9996869564056396,
           0.9989827275276184,
           0.9564019441604614,
           1.0000003576278687,
           0.9799402356147766,
           0.97982257604599,
           0.9995787143707275,
           0.9988964796066284,
           0.9641977548599243,
           0.966489851474762,
           0.9987788796424866,
           0.9863255023956299,
           0.9663189649581909,
           0.9567161798477173,
           0.96164870262146,
           0.9997530579566956,
           0.9990941286087036,
           0.9777302145957947
          ],
          [
           0.9779415130615234,
           0.9748037457466125,
           0.9829024076461792,
           0.9777438640594482,
           0.9750900864601135,
           0.9799402356147766,
           0.9999997615814209,
           0.9977256059646606,
           0.9833749532699585,
           0.974635899066925,
           0.9824793934822083,
           0.9942949414253235,
           0.975933849811554,
           0.9790472388267517,
           0.9809882044792175,
           0.985261082649231,
           0.9874539971351624,
           0.9795221090316772,
           0.9761326313018799,
           0.9950081706047058
          ],
          [
           0.9784489274024963,
           0.9746387004852295,
           0.9828163981437683,
           0.9777063131332397,
           0.9790392518043518,
           0.97982257604599,
           0.9977256059646606,
           1.0000001192092896,
           0.9828899502754211,
           0.9744551181793213,
           0.9874698519706726,
           0.9937239289283752,
           0.976029098033905,
           0.9790578484535217,
           0.9817910194396973,
           0.9876652956008911,
           0.9856338500976562,
           0.9792246222496033,
           0.9761306643486023,
           0.9939566254615784
          ],
          [
           0.9984013438224792,
           0.9978663325309753,
           0.9997751712799072,
           0.9980143904685974,
           0.9572857022285461,
           0.9995787143707275,
           0.9833749532699585,
           0.9828899502754211,
           1,
           0.9977549314498901,
           0.9657317996025085,
           0.9699239134788513,
           0.9977469444274902,
           0.9858558773994446,
           0.9670413136482239,
           0.9599447250366211,
           0.9661474227905273,
           0.9993234276771545,
           0.998024046421051,
           0.9812014698982239
          ],
          [
           0.9996090531349182,
           0.9999569654464722,
           0.9984176754951477,
           0.9995858669281006,
           0.9546739459037781,
           0.9988964796066284,
           0.974635899066925,
           0.9744551181793213,
           0.9977549314498901,
           1.0000001192092896,
           0.9563542604446411,
           0.962734043598175,
           0.999865710735321,
           0.9879992008209229,
           0.958076000213623,
           0.953186571598053,
           0.9525931477546692,
           0.9993737936019897,
           0.999885618686676,
           0.9701416492462158
          ],
          [
           0.9616267085075378,
           0.9575284123420715,
           0.9656322002410889,
           0.9616076350212097,
           0.9832741618156433,
           0.9641977548599243,
           0.9824793934822083,
           0.9874698519706726,
           0.9657317996025085,
           0.9563542604446411,
           0.9999997615814209,
           0.9772648215293884,
           0.9577958583831787,
           0.9657403230667114,
           0.9919039011001587,
           0.9772733449935913,
           0.9724389314651489,
           0.9613157510757446,
           0.9586618542671204,
           0.9865860939025879
          ],
          [
           0.9663942456245422,
           0.9625484943389893,
           0.9704815149307251,
           0.9662627577781677,
           0.9802459478378296,
           0.966489851474762,
           0.9942949414253235,
           0.9937239289283752,
           0.9699239134788513,
           0.962734043598175,
           0.9772648215293884,
           1,
           0.9647635221481323,
           0.9757567644119263,
           0.9722064137458801,
           0.990699052810669,
           0.9813187122344971,
           0.9669125080108643,
           0.9644706845283508,
           0.9856926202774048
          ],
          [
           0.9998005032539368,
           0.9997853636741638,
           0.9985467791557312,
           0.9997990131378174,
           0.9573139548301697,
           0.9987788796424866,
           0.975933849811554,
           0.976029098033905,
           0.9977469444274902,
           0.999865710735321,
           0.9577958583831787,
           0.9647635221481323,
           0.9999997019767761,
           0.9898419976234436,
           0.959104061126709,
           0.9562217593193054,
           0.9534668922424316,
           0.9993789196014404,
           0.9999368786811829,
           0.9714407324790955
          ],
          [
           0.9896817803382874,
           0.9876686930656433,
           0.9877795577049255,
           0.9910176396369934,
           0.9806365966796875,
           0.9863255023956299,
           0.9790472388267517,
           0.9790578484535217,
           0.9858558773994446,
           0.9879992008209229,
           0.9657403230667114,
           0.9757567644119263,
           0.9898419976234436,
           0.9999998807907104,
           0.962922990322113,
           0.9752988815307617,
           0.9495224356651306,
           0.9877448678016663,
           0.9891793131828308,
           0.9735127091407776
          ],
          [
           0.9630352258682251,
           0.959736704826355,
           0.9670162200927734,
           0.9628456830978394,
           0.9694319367408752,
           0.9663189649581909,
           0.9809882044792175,
           0.9817910194396973,
           0.9670413136482239,
           0.958076000213623,
           0.9919039011001587,
           0.9722064137458801,
           0.959104061126709,
           0.962922990322113,
           1.0000004768371582,
           0.9693944454193115,
           0.9761022925376892,
           0.9636659622192383,
           0.9606426954269409,
           0.9875166416168213
          ],
          [
           0.9582350254058838,
           0.952885627746582,
           0.9614831805229187,
           0.9585298299789429,
           0.9833139777183533,
           0.9567161798477173,
           0.985261082649231,
           0.9876652956008911,
           0.9599447250366211,
           0.953186571598053,
           0.9772733449935913,
           0.990699052810669,
           0.9562217593193054,
           0.9752988815307617,
           0.9693944454193115,
           0.9999998211860657,
           0.975459098815918,
           0.9575998783111572,
           0.9557238221168518,
           0.9834475517272949
          ],
          [
           0.9569253921508789,
           0.9532455801963806,
           0.9647420048713684,
           0.9554503560066223,
           0.9488793611526489,
           0.96164870262146,
           0.9874539971351624,
           0.9856338500976562,
           0.9661474227905273,
           0.9525931477546692,
           0.9724389314651489,
           0.9813187122344971,
           0.9534668922424316,
           0.9495224356651306,
           0.9761022925376892,
           0.975459098815918,
           0.9999999403953552,
           0.9602497220039368,
           0.9544717073440552,
           0.9910292029380798
          ],
          [
           0.9996499419212341,
           0.999420702457428,
           0.9997201561927795,
           0.9993500709533691,
           0.9560396671295166,
           0.9997530579566956,
           0.9795221090316772,
           0.9792246222496033,
           0.9993234276771545,
           0.9993737936019897,
           0.9613157510757446,
           0.9669125080108643,
           0.9993789196014404,
           0.9877448678016663,
           0.9636659622192383,
           0.9575998783111572,
           0.9602497220039368,
           0.9999998211860657,
           0.9995673894882202,
           0.976318895816803
          ],
          [
           0.9998559951782227,
           0.9998842477798462,
           0.9987745881080627,
           0.9998132586479187,
           0.9566401839256287,
           0.9990941286087036,
           0.9761326313018799,
           0.9761306643486023,
           0.998024046421051,
           0.999885618686676,
           0.9586618542671204,
           0.9644706845283508,
           0.9999368786811829,
           0.9891793131828308,
           0.9606426954269409,
           0.9557238221168518,
           0.9544717073440552,
           0.9995673894882202,
           1.000000238418579,
           0.9721134901046753
          ],
          [
           0.9743015766143799,
           0.9707486033439636,
           0.9802440404891968,
           0.974076509475708,
           0.9719331860542297,
           0.9777302145957947,
           0.9950081706047058,
           0.9939566254615784,
           0.9812014698982239,
           0.9701416492462158,
           0.9865860939025879,
           0.9856926202774048,
           0.9714407324790955,
           0.9735127091407776,
           0.9875166416168213,
           0.9834475517272949,
           0.9910292029380798,
           0.976318895816803,
           0.9721134901046753,
           1
          ]
         ]
        }
       ],
       "layout": {
        "coloraxis": {
         "colorscale": [
          [
           0,
           "rgb(165,0,38)"
          ],
          [
           0.1,
           "rgb(215,48,39)"
          ],
          [
           0.2,
           "rgb(244,109,67)"
          ],
          [
           0.3,
           "rgb(253,174,97)"
          ],
          [
           0.4,
           "rgb(254,224,139)"
          ],
          [
           0.5,
           "rgb(255,255,191)"
          ],
          [
           0.6,
           "rgb(217,239,139)"
          ],
          [
           0.7,
           "rgb(166,217,106)"
          ],
          [
           0.8,
           "rgb(102,189,99)"
          ],
          [
           0.9,
           "rgb(26,152,80)"
          ],
          [
           1,
           "rgb(0,104,55)"
          ]
         ]
        },
        "margin": {
         "t": 60
        },
        "template": {
         "data": {
          "bar": [
           {
            "error_x": {
             "color": "#2a3f5f"
            },
            "error_y": {
             "color": "#2a3f5f"
            },
            "marker": {
             "line": {
              "color": "#E5ECF6",
              "width": 0.5
             },
             "pattern": {
              "fillmode": "overlay",
              "size": 10,
              "solidity": 0.2
             }
            },
            "type": "bar"
           }
          ],
          "barpolar": [
           {
            "marker": {
             "line": {
              "color": "#E5ECF6",
              "width": 0.5
             },
             "pattern": {
              "fillmode": "overlay",
              "size": 10,
              "solidity": 0.2
             }
            },
            "type": "barpolar"
           }
          ],
          "carpet": [
           {
            "aaxis": {
             "endlinecolor": "#2a3f5f",
             "gridcolor": "white",
             "linecolor": "white",
             "minorgridcolor": "white",
             "startlinecolor": "#2a3f5f"
            },
            "baxis": {
             "endlinecolor": "#2a3f5f",
             "gridcolor": "white",
             "linecolor": "white",
             "minorgridcolor": "white",
             "startlinecolor": "#2a3f5f"
            },
            "type": "carpet"
           }
          ],
          "choropleth": [
           {
            "colorbar": {
             "outlinewidth": 0,
             "ticks": ""
            },
            "type": "choropleth"
           }
          ],
          "contour": [
           {
            "colorbar": {
             "outlinewidth": 0,
             "ticks": ""
            },
            "colorscale": [
             [
              0,
              "#0d0887"
             ],
             [
              0.1111111111111111,
              "#46039f"
             ],
             [
              0.2222222222222222,
              "#7201a8"
             ],
             [
              0.3333333333333333,
              "#9c179e"
             ],
             [
              0.4444444444444444,
              "#bd3786"
             ],
             [
              0.5555555555555556,
              "#d8576b"
             ],
             [
              0.6666666666666666,
              "#ed7953"
             ],
             [
              0.7777777777777778,
              "#fb9f3a"
             ],
             [
              0.8888888888888888,
              "#fdca26"
             ],
             [
              1,
              "#f0f921"
             ]
            ],
            "type": "contour"
           }
          ],
          "contourcarpet": [
           {
            "colorbar": {
             "outlinewidth": 0,
             "ticks": ""
            },
            "type": "contourcarpet"
           }
          ],
          "heatmap": [
           {
            "colorbar": {
             "outlinewidth": 0,
             "ticks": ""
            },
            "colorscale": [
             [
              0,
              "#0d0887"
             ],
             [
              0.1111111111111111,
              "#46039f"
             ],
             [
              0.2222222222222222,
              "#7201a8"
             ],
             [
              0.3333333333333333,
              "#9c179e"
             ],
             [
              0.4444444444444444,
              "#bd3786"
             ],
             [
              0.5555555555555556,
              "#d8576b"
             ],
             [
              0.6666666666666666,
              "#ed7953"
             ],
             [
              0.7777777777777778,
              "#fb9f3a"
             ],
             [
              0.8888888888888888,
              "#fdca26"
             ],
             [
              1,
              "#f0f921"
             ]
            ],
            "type": "heatmap"
           }
          ],
          "heatmapgl": [
           {
            "colorbar": {
             "outlinewidth": 0,
             "ticks": ""
            },
            "colorscale": [
             [
              0,
              "#0d0887"
             ],
             [
              0.1111111111111111,
              "#46039f"
             ],
             [
              0.2222222222222222,
              "#7201a8"
             ],
             [
              0.3333333333333333,
              "#9c179e"
             ],
             [
              0.4444444444444444,
              "#bd3786"
             ],
             [
              0.5555555555555556,
              "#d8576b"
             ],
             [
              0.6666666666666666,
              "#ed7953"
             ],
             [
              0.7777777777777778,
              "#fb9f3a"
             ],
             [
              0.8888888888888888,
              "#fdca26"
             ],
             [
              1,
              "#f0f921"
             ]
            ],
            "type": "heatmapgl"
           }
          ],
          "histogram": [
           {
            "marker": {
             "pattern": {
              "fillmode": "overlay",
              "size": 10,
              "solidity": 0.2
             }
            },
            "type": "histogram"
           }
          ],
          "histogram2d": [
           {
            "colorbar": {
             "outlinewidth": 0,
             "ticks": ""
            },
            "colorscale": [
             [
              0,
              "#0d0887"
             ],
             [
              0.1111111111111111,
              "#46039f"
             ],
             [
              0.2222222222222222,
              "#7201a8"
             ],
             [
              0.3333333333333333,
              "#9c179e"
             ],
             [
              0.4444444444444444,
              "#bd3786"
             ],
             [
              0.5555555555555556,
              "#d8576b"
             ],
             [
              0.6666666666666666,
              "#ed7953"
             ],
             [
              0.7777777777777778,
              "#fb9f3a"
             ],
             [
              0.8888888888888888,
              "#fdca26"
             ],
             [
              1,
              "#f0f921"
             ]
            ],
            "type": "histogram2d"
           }
          ],
          "histogram2dcontour": [
           {
            "colorbar": {
             "outlinewidth": 0,
             "ticks": ""
            },
            "colorscale": [
             [
              0,
              "#0d0887"
             ],
             [
              0.1111111111111111,
              "#46039f"
             ],
             [
              0.2222222222222222,
              "#7201a8"
             ],
             [
              0.3333333333333333,
              "#9c179e"
             ],
             [
              0.4444444444444444,
              "#bd3786"
             ],
             [
              0.5555555555555556,
              "#d8576b"
             ],
             [
              0.6666666666666666,
              "#ed7953"
             ],
             [
              0.7777777777777778,
              "#fb9f3a"
             ],
             [
              0.8888888888888888,
              "#fdca26"
             ],
             [
              1,
              "#f0f921"
             ]
            ],
            "type": "histogram2dcontour"
           }
          ],
          "mesh3d": [
           {
            "colorbar": {
             "outlinewidth": 0,
             "ticks": ""
            },
            "type": "mesh3d"
           }
          ],
          "parcoords": [
           {
            "line": {
             "colorbar": {
              "outlinewidth": 0,
              "ticks": ""
             }
            },
            "type": "parcoords"
           }
          ],
          "pie": [
           {
            "automargin": true,
            "type": "pie"
           }
          ],
          "scatter": [
           {
            "fillpattern": {
             "fillmode": "overlay",
             "size": 10,
             "solidity": 0.2
            },
            "type": "scatter"
           }
          ],
          "scatter3d": [
           {
            "line": {
             "colorbar": {
              "outlinewidth": 0,
              "ticks": ""
             }
            },
            "marker": {
             "colorbar": {
              "outlinewidth": 0,
              "ticks": ""
             }
            },
            "type": "scatter3d"
           }
          ],
          "scattercarpet": [
           {
            "marker": {
             "colorbar": {
              "outlinewidth": 0,
              "ticks": ""
             }
            },
            "type": "scattercarpet"
           }
          ],
          "scattergeo": [
           {
            "marker": {
             "colorbar": {
              "outlinewidth": 0,
              "ticks": ""
             }
            },
            "type": "scattergeo"
           }
          ],
          "scattergl": [
           {
            "marker": {
             "colorbar": {
              "outlinewidth": 0,
              "ticks": ""
             }
            },
            "type": "scattergl"
           }
          ],
          "scattermapbox": [
           {
            "marker": {
             "colorbar": {
              "outlinewidth": 0,
              "ticks": ""
             }
            },
            "type": "scattermapbox"
           }
          ],
          "scatterpolar": [
           {
            "marker": {
             "colorbar": {
              "outlinewidth": 0,
              "ticks": ""
             }
            },
            "type": "scatterpolar"
           }
          ],
          "scatterpolargl": [
           {
            "marker": {
             "colorbar": {
              "outlinewidth": 0,
              "ticks": ""
             }
            },
            "type": "scatterpolargl"
           }
          ],
          "scatterternary": [
           {
            "marker": {
             "colorbar": {
              "outlinewidth": 0,
              "ticks": ""
             }
            },
            "type": "scatterternary"
           }
          ],
          "surface": [
           {
            "colorbar": {
             "outlinewidth": 0,
             "ticks": ""
            },
            "colorscale": [
             [
              0,
              "#0d0887"
             ],
             [
              0.1111111111111111,
              "#46039f"
             ],
             [
              0.2222222222222222,
              "#7201a8"
             ],
             [
              0.3333333333333333,
              "#9c179e"
             ],
             [
              0.4444444444444444,
              "#bd3786"
             ],
             [
              0.5555555555555556,
              "#d8576b"
             ],
             [
              0.6666666666666666,
              "#ed7953"
             ],
             [
              0.7777777777777778,
              "#fb9f3a"
             ],
             [
              0.8888888888888888,
              "#fdca26"
             ],
             [
              1,
              "#f0f921"
             ]
            ],
            "type": "surface"
           }
          ],
          "table": [
           {
            "cells": {
             "fill": {
              "color": "#EBF0F8"
             },
             "line": {
              "color": "white"
             }
            },
            "header": {
             "fill": {
              "color": "#C8D4E3"
             },
             "line": {
              "color": "white"
             }
            },
            "type": "table"
           }
          ]
         },
         "layout": {
          "annotationdefaults": {
           "arrowcolor": "#2a3f5f",
           "arrowhead": 0,
           "arrowwidth": 1
          },
          "autotypenumbers": "strict",
          "coloraxis": {
           "colorbar": {
            "outlinewidth": 0,
            "ticks": ""
           }
          },
          "colorscale": {
           "diverging": [
            [
             0,
             "#8e0152"
            ],
            [
             0.1,
             "#c51b7d"
            ],
            [
             0.2,
             "#de77ae"
            ],
            [
             0.3,
             "#f1b6da"
            ],
            [
             0.4,
             "#fde0ef"
            ],
            [
             0.5,
             "#f7f7f7"
            ],
            [
             0.6,
             "#e6f5d0"
            ],
            [
             0.7,
             "#b8e186"
            ],
            [
             0.8,
             "#7fbc41"
            ],
            [
             0.9,
             "#4d9221"
            ],
            [
             1,
             "#276419"
            ]
           ],
           "sequential": [
            [
             0,
             "#0d0887"
            ],
            [
             0.1111111111111111,
             "#46039f"
            ],
            [
             0.2222222222222222,
             "#7201a8"
            ],
            [
             0.3333333333333333,
             "#9c179e"
            ],
            [
             0.4444444444444444,
             "#bd3786"
            ],
            [
             0.5555555555555556,
             "#d8576b"
            ],
            [
             0.6666666666666666,
             "#ed7953"
            ],
            [
             0.7777777777777778,
             "#fb9f3a"
            ],
            [
             0.8888888888888888,
             "#fdca26"
            ],
            [
             1,
             "#f0f921"
            ]
           ],
           "sequentialminus": [
            [
             0,
             "#0d0887"
            ],
            [
             0.1111111111111111,
             "#46039f"
            ],
            [
             0.2222222222222222,
             "#7201a8"
            ],
            [
             0.3333333333333333,
             "#9c179e"
            ],
            [
             0.4444444444444444,
             "#bd3786"
            ],
            [
             0.5555555555555556,
             "#d8576b"
            ],
            [
             0.6666666666666666,
             "#ed7953"
            ],
            [
             0.7777777777777778,
             "#fb9f3a"
            ],
            [
             0.8888888888888888,
             "#fdca26"
            ],
            [
             1,
             "#f0f921"
            ]
           ]
          },
          "colorway": [
           "#636efa",
           "#EF553B",
           "#00cc96",
           "#ab63fa",
           "#FFA15A",
           "#19d3f3",
           "#FF6692",
           "#B6E880",
           "#FF97FF",
           "#FECB52"
          ],
          "font": {
           "color": "#2a3f5f"
          },
